703.100 ( 27.346 ) 703.100 ( 27.346 ) 843.240 ( 5.720 ) 1068.450 ( 53.132 )
692.600 ( 24.090 ) 714.250 ( 23.052 ) 869.730 ( 8.591 ) 1107.200 ( 71.657 )
682.300 ( 16.389 ) 705.950 ( 25.133 ) 861.371 ( 7.045 ) 1106.800 ( 69.732 )
677.600 ( 13.908 ) 704.300 ( 25.663 ) 858.057 ( 8.206 ) 1114.850 ( 72.189 )
673.800 ( 9.781 ) 697.850 ( 25.072 ) 854.290 ( 7.443 ) 1116.250 ( 80.132 )
671.950 ( 9.330 ) 705.750 ( 25.871 ) 850.743 ( 4.411 ) 1103.800 ( 85.047 )
670.000 ( 4.940 ) 704.200 ( 28.421 ) 855.328 ( 8.182 ) 1084.550 ( 64.450 )
668.600 ( 4.432 ) 701.500 ( 23.636 ) 852.820 ( 7.332 ) 1070.050 ( 51.875 )
668.600 ( 4.432 ) 706.600 ( 26.693 ) 855.180 ( 7.103 ) 1089.750 ( 57.716 )
668.550 ( 4.455 ) 701.000 ( 22.034 ) 854.018 ( 6.130 ) 1092.850 ( 51.969 )
668.250 ( 4.414 ) 702.850 ( 20.989 ) 852.511 ( 6.260 ) 1063.400 ( 65.896 )
667.250 ( 3.590 ) 693.200 ( 24.404 ) 855.124 ( 6.342 ) 1087.250 ( 60.673 )
666.700 ( 2.610 ) 697.600 ( 25.846 ) 855.710 ( 5.616 ) 1093.350 ( 76.478 )
666.700 ( 2.610 ) 704.400 ( 20.495 ) 853.583 ( 6.538 ) 1094.400 ( 62.700 )
666.700 ( 2.610 ) 704.150 ( 29.176 ) 853.377 ( 6.638 ) 1079.900 ( 54.365 )
666.650 ( 2.613 ) 702.700 ( 26.121 ) 857.894 ( 7.208 ) 1098.950 ( 72.398 )
666.650 ( 2.613 ) 696.550 ( 23.325 ) 853.587 ( 8.648 ) 1122.200 ( 87.843 )
666.650 ( 2.613 ) 706.650 ( 23.178 ) 853.077 ( 7.626 ) 1063.850 ( 55.115 )
666.650 ( 2.613 ) 702.650 ( 24.741 ) 854.035 ( 5.754 ) 1066.250 ( 46.285 )
666.650 ( 2.613 ) 707.750 ( 25.563 ) 857.120 ( 5.857 ) 1083.250 ( 66.009 )
666.650 ( 2.613 ) 698.850 ( 21.483 ) 851.492 ( 6.465 ) 1057.800 ( 62.661 )
666.650 ( 2.613 ) 696.350 ( 18.534 ) 852.090 ( 5.988 ) 1078.050 ( 60.851 )
666.600 ( 2.615 ) 698.950 ( 21.588 ) 854.027 ( 6.159 ) 1085.500 ( 43.548 )
666.500 ( 2.179 ) 699.450 ( 22.903 ) 852.448 ( 6.351 ) 1084.700 ( 73.880 )
666.500 ( 2.179 ) 697.200 ( 25.188 ) 852.012 ( 7.130 ) 1087.250 ( 63.605 )
666.000 ( 0.000 ) 711.000 ( 27.564 ) 853.280 ( 4.797 ) 1085.850 ( 67.739 )
666.000 ( 0.000 ) 698.850 ( 23.312 ) 853.583 ( 6.203 ) 1077.750 ( 54.586 )
666.000 ( 0.000 ) 711.900 ( 19.720 ) 858.269 ( 6.654 ) 1090.300 ( 55.862 )
666.000 ( 0.000 ) 700.800 ( 22.124 ) 851.781 ( 6.719 ) 1073.450 ( 59.499 )
666.000 ( 0.000 ) 702.550 ( 25.093 ) 853.845 ( 6.222 ) 1082.900 ( 50.894 )
666.000 ( 0.000 ) 703.750 ( 23.763 ) 851.404 ( 5.821 ) 1066.950 ( 43.422 )
666.000 ( 0.000 ) 701.450 ( 24.032 ) 851.298 ( 7.381 ) 1060.650 ( 52.354 )
666.000 ( 0.000 ) 701.450 ( 23.018 ) 854.562 ( 5.711 ) 1087.850 ( 63.430 )
666.000 ( 0.000 ) 705.050 ( 18.869 ) 851.757 ( 5.582 ) 1074.700 ( 53.582 )
666.000 ( 0.000 ) 701.250 ( 25.859 ) 850.752 ( 6.141 ) 1069.600 ( 62.802 )
666.000 ( 0.000 ) 698.050 ( 24.742 ) 851.289 ( 8.010 ) 1063.000 ( 40.684 )
666.000 ( 0.000 ) 697.100 ( 20.690 ) 851.021 ( 7.664 ) 1068.500 ( 80.156 )
666.000 ( 0.000 ) 690.350 ( 18.153 ) 853.425 ( 4.744 ) 1100.000 ( 66.922 )
666.000 ( 0.000 ) 701.300 ( 21.432 ) 852.888 ( 5.098 ) 1101.800 ( 60.050 )
666.000 ( 0.000 ) 701.650 ( 27.132 ) 854.406 ( 4.311 ) 1103.150 ( 76.868 )
666.000 ( 0.000 ) 692.000 ( 22.437 ) 852.050 ( 6.680 ) 1068.250 ( 48.995 )
666.000 ( 0.000 ) 705.600 ( 21.500 ) 854.518 ( 6.019 ) 1083.700 ( 63.862 )
666.000 ( 0.000 ) 709.100 ( 18.014 ) 854.594 ( 5.580 ) 1113.900 ( 91.635 )
666.000 ( 0.000 ) 706.050 ( 21.355 ) 851.878 ( 6.220 ) 1088.250 ( 55.776 )
666.000 ( 0.000 ) 701.550 ( 23.138 ) 853.749 ( 6.751 ) 1055.400 ( 42.237 )
666.000 ( 0.000 ) 706.950 ( 26.506 ) 855.610 ( 6.255 ) 1077.750 ( 59.576 )
666.000 ( 0.000 ) 706.500 ( 27.444 ) 853.170 ( 9.384 ) 1090.050 ( 73.279 )
666.000 ( 0.000 ) 711.850 ( 23.637 ) 854.672 ( 6.761 ) 1085.000 ( 54.399 )
666.000 ( 0.000 ) 700.450 ( 27.416 ) 855.094 ( 7.482 ) 1116.100 ( 77.394 )
666.000 ( 0.000 ) 708.950 ( 26.072 ) 852.484 ( 6.317 ) 1086.250 ( 58.890 )
666.000 ( 0.000 ) 698.800 ( 26.005 ) 852.465 ( 7.268 ) 1120.850 ( 90.608 )
666.000 ( 0.000 ) 701.250 ( 26.920 ) 855.751 ( 8.677 ) 1096.850 ( 69.340 )
666.000 ( 0.000 ) 709.900 ( 23.738 ) 854.087 ( 7.027 ) 1095.350 ( 83.710 )
666.000 ( 0.000 ) 699.450 ( 26.263 ) 852.615 ( 7.501 ) 1095.650 ( 78.062 )
666.000 ( 0.000 ) 690.250 ( 22.827 ) 854.441 ( 6.720 ) 1104.000 ( 74.340 )
666.000 ( 0.000 ) 693.900 ( 24.378 ) 853.433 ( 5.398 ) 1093.200 ( 50.586 )
666.000 ( 0.000 ) 703.800 ( 23.289 ) 852.351 ( 5.137 ) 1103.100 ( 86.353 )
666.000 ( 0.000 ) 689.800 ( 20.277 ) 850.465 ( 7.034 ) 1094.950 ( 75.725 )
666.000 ( 0.000 ) 690.250 ( 23.594 ) 852.575 ( 6.236 ) 1069.550 ( 48.871 )
666.000 ( 0.000 ) 703.750 ( 21.721 ) 853.046 ( 5.697 ) 1072.850 ( 44.519 )
666.000 ( 0.000 ) 699.200 ( 23.308 ) 850.715 ( 7.540 ) 1073.350 ( 60.960 )
666.000 ( 0.000 ) 699.800 ( 20.551 ) 856.034 ( 7.443 ) 1107.650 ( 46.305 )
666.000 ( 0.000 ) 694.700 ( 25.364 ) 854.751 ( 5.334 ) 1082.600 ( 60.481 )
666.000 ( 0.000 ) 705.100 ( 18.751 ) 854.359 ( 5.078 ) 1091.550 ( 53.095 )
666.000 ( 0.000 ) 712.150 ( 22.128 ) 857.190 ( 7.391 ) 1093.700 ( 79.600 )
666.000 ( 0.000 ) 702.050 ( 20.932 ) 854.864 ( 6.781 ) 1091.350 ( 60.419 )
666.000 ( 0.000 ) 696.350 ( 19.617 ) 852.417 ( 3.879 ) 1081.250 ( 61.480 )
666.000 ( 0.000 ) 709.200 ( 20.707 ) 855.168 ( 5.152 ) 1120.550 ( 90.661 )
666.000 ( 0.000 ) 702.450 ( 23.445 ) 851.580 ( 7.447 ) 1089.650 ( 81.261 )
666.000 ( 0.000 ) 702.200 ( 26.560 ) 854.432 ( 6.276 ) 1123.750 ( 88.763 )
666.000 ( 0.000 ) 699.700 ( 26.893 ) 852.762 ( 5.888 ) 1063.300 ( 51.649 )
666.000 ( 0.000 ) 697.800 ( 24.865 ) 853.621 ( 6.139 ) 1088.650 ( 56.907 )
666.000 ( 0.000 ) 701.500 ( 23.494 ) 852.077 ( 6.810 ) 1079.250 ( 59.403 )
666.000 ( 0.000 ) 696.050 ( 20.510 ) 853.463 ( 7.245 ) 1094.850 ( 51.295 )
666.000 ( 0.000 ) 712.200 ( 20.670 ) 852.891 ( 6.469 ) 1081.900 ( 60.239 )
666.000 ( 0.000 ) 706.400 ( 23.406 ) 856.691 ( 6.996 ) 1103.750 ( 71.359 )
666.000 ( 0.000 ) 695.050 ( 21.546 ) 852.814 ( 4.232 ) 1055.500 ( 56.195 )
666.000 ( 0.000 ) 690.250 ( 22.643 ) 853.835 ( 7.630 ) 1094.900 ( 65.520 )
666.000 ( 0.000 ) 695.600 ( 21.650 ) 855.568 ( 5.162 ) 1088.850 ( 67.052 )
666.000 ( 0.000 ) 697.800 ( 21.273 ) 852.882 ( 5.928 ) 1075.800 ( 61.000 )
666.000 ( 0.000 ) 692.900 ( 15.896 ) 848.413 ( 6.861 ) 1074.350 ( 69.347 )
666.000 ( 0.000 ) 695.050 ( 21.219 ) 855.392 ( 5.040 ) 1086.800 ( 66.844 )
666.000 ( 0.000 ) 705.300 ( 26.365 ) 852.535 ( 5.877 ) 1082.850 ( 66.117 )
666.000 ( 0.000 ) 709.200 ( 24.037 ) 854.892 ( 6.021 ) 1113.300 ( 63.556 )
666.000 ( 0.000 ) 703.400 ( 27.180 ) 854.701 ( 7.490 ) 1083.850 ( 52.159 )
666.000 ( 0.000 ) 698.800 ( 19.462 ) 853.463 ( 7.431 ) 1079.650 ( 71.796 )
666.000 ( 0.000 ) 710.200 ( 25.402 ) 855.715 ( 4.871 ) 1090.450 ( 74.803 )
666.000 ( 0.000 ) 702.850 ( 28.479 ) 854.626 ( 7.428 ) 1097.850 ( 67.484 )
666.000 ( 0.000 ) 698.600 ( 24.214 ) 853.579 ( 6.225 ) 1100.150 ( 66.670 )
666.000 ( 0.000 ) 708.850 ( 25.106 ) 854.844 ( 6.713 ) 1116.150 ( 46.953 )
666.000 ( 0.000 ) 702.800 ( 23.372 ) 854.824 ( 5.078 ) 1097.950 ( 79.995 )
666.000 ( 0.000 ) 701.100 ( 20.489 ) 854.725 ( 5.667 ) 1094.400 ( 63.198 )
666.000 ( 0.000 ) 698.750 ( 24.867 ) 852.134 ( 6.881 ) 1065.450 ( 52.573 )
666.000 ( 0.000 ) 699.650 ( 26.620 ) 855.744 ( 4.975 ) 1111.950 ( 81.180 )
666.000 ( 0.000 ) 712.550 ( 20.798 ) 853.340 ( 7.990 ) 1066.200 ( 49.298 )
666.000 ( 0.000 ) 699.500 ( 22.218 ) 852.052 ( 6.684 ) 1074.650 ( 41.137 )
666.000 ( 0.000 ) 698.300 ( 24.413 ) 853.687 ( 7.092 ) 1067.750 ( 64.805 )
666.000 ( 0.000 ) 711.200 ( 27.754 ) 855.189 ( 6.960 ) 1083.300 ( 82.372 )
666.000 ( 0.000 ) 695.850 ( 21.891 ) 852.418 ( 6.465 ) 1092.950 ( 66.085 )
666.000 ( 0.000 ) 697.950 ( 19.508 ) 853.307 ( 5.984 ) 1067.850 ( 42.726 )
666.000 ( 0.000 ) 701.550 ( 22.444 ) 853.847 ( 6.793 ) 1075.400 ( 72.465 )
666.000 ( 0.000 ) 697.400 ( 25.592 ) 853.547 ( 4.573 ) 1093.000 ( 62.553 )
666.000 ( 0.000 ) 686.150 ( 20.296 ) 851.329 ( 7.200 ) 1095.500 ( 61.401 )
666.000 ( 0.000 ) 712.600 ( 26.650 ) 854.123 ( 7.147 ) 1074.050 ( 50.631 )
666.000 ( 0.000 ) 709.650 ( 24.832 ) 854.050 ( 5.992 ) 1090.500 ( 43.253 )
666.000 ( 0.000 ) 706.400 ( 13.396 ) 855.709 ( 5.912 ) 1103.150 ( 53.695 )
666.000 ( 0.000 ) 703.800 ( 23.924 ) 851.950 ( 4.881 ) 1100.000 ( 79.911 )
666.000 ( 0.000 ) 701.350 ( 22.996 ) 854.605 ( 8.701 ) 1108.950 ( 49.718 )
666.000 ( 0.000 ) 700.800 ( 23.034 ) 851.773 ( 6.666 ) 1087.900 ( 52.002 )
666.000 ( 0.000 ) 704.850 ( 24.194 ) 853.180 ( 6.692 ) 1092.200 ( 67.657 )
666.000 ( 0.000 ) 705.850 ( 25.592 ) 856.366 ( 6.296 ) 1075.700 ( 41.066 )
666.000 ( 0.000 ) 702.250 ( 23.484 ) 854.352 ( 6.316 ) 1110.050 ( 86.308 )
666.000 ( 0.000 ) 707.050 ( 24.500 ) 854.244 ( 5.898 ) 1085.800 ( 64.964 )
666.000 ( 0.000 ) 707.600 ( 20.207 ) 853.465 ( 6.529 ) 1089.850 ( 78.165 )
666.000 ( 0.000 ) 697.250 ( 23.923 ) 852.874 ( 6.428 ) 1093.400 ( 69.486 )
666.000 ( 0.000 ) 696.800 ( 19.879 ) 854.339 ( 5.655 ) 1095.850 ( 55.516 )
666.000 ( 0.000 ) 703.750 ( 20.157 ) 852.749 ( 6.506 ) 1087.150 ( 55.270 )
666.000 ( 0.000 ) 695.000 ( 22.327 ) 853.463 ( 6.643 ) 1081.000 ( 54.460 )
666.000 ( 0.000 ) 695.650 ( 26.123 ) 851.383 ( 8.569 ) 1094.350 ( 62.037 )
666.000 ( 0.000 ) 708.200 ( 23.562 ) 853.709 ( 6.701 ) 1087.700 ( 62.902 )
666.000 ( 0.000 ) 700.000 ( 24.121 ) 857.046 ( 6.211 ) 1095.050 ( 68.146 )
666.000 ( 0.000 ) 704.950 ( 26.280 ) 850.681 ( 5.448 ) 1076.200 ( 67.343 )
666.000 ( 0.000 ) 700.450 ( 26.806 ) 855.382 ( 5.680 ) 1090.350 ( 64.023 )
666.000 ( 0.000 ) 708.350 ( 22.593 ) 855.352 ( 9.233 ) 1100.150 ( 70.692 )
666.000 ( 0.000 ) 707.400 ( 21.770 ) 851.232 ( 7.224 ) 1058.500 ( 57.632 )
666.000 ( 0.000 ) 696.400 ( 22.515 ) 852.815 ( 6.511 ) 1130.700 ( 97.391 )
666.000 ( 0.000 ) 692.950 ( 23.895 ) 853.012 ( 4.394 ) 1095.050 ( 48.234 )
666.000 ( 0.000 ) 699.400 ( 26.930 ) 850.995 ( 8.721 ) 1090.400 ( 62.336 )
666.000 ( 0.000 ) 700.750 ( 23.388 ) 855.545 ( 5.631 ) 1095.450 ( 58.100 )
666.000 ( 0.000 ) 712.250 ( 23.630 ) 852.021 ( 6.061 ) 1087.550 ( 62.767 )
666.000 ( 0.000 ) 701.300 ( 21.927 ) 854.813 ( 5.793 ) 1085.650 ( 64.189 )
666.000 ( 0.000 ) 702.950 ( 23.695 ) 852.410 ( 6.204 ) 1087.550 ( 53.732 )
666.000 ( 0.000 ) 691.550 ( 25.707 ) 851.486 ( 6.400 ) 1074.900 ( 49.319 )
666.000 ( 0.000 ) 700.600 ( 27.126 ) 852.990 ( 8.222 ) 1092.300 ( 70.558 )
666.000 ( 0.000 ) 702.850 ( 27.398 ) 853.111 ( 8.528 ) 1078.250 ( 56.870 )
666.000 ( 0.000 ) 704.050 ( 20.529 ) 852.727 ( 6.816 ) 1075.300 ( 70.456 )
666.000 ( 0.000 ) 699.850 ( 28.822 ) 855.071 ( 8.571 ) 1132.900 ( 69.661 )
666.000 ( 0.000 ) 708.550 ( 24.526 ) 852.286 ( 6.363 ) 1086.150 ( 74.906 )
666.000 ( 0.000 ) 702.150 ( 22.601 ) 853.683 ( 8.521 ) 1087.950 ( 61.182 )
666.000 ( 0.000 ) 704.500 ( 19.569 ) 850.613 ( 5.696 ) 1073.200 ( 53.863 )
666.000 ( 0.000 ) 704.100 ( 23.558 ) 854.656 ( 6.418 ) 1087.750 ( 52.312 )
666.000 ( 0.000 ) 707.850 ( 24.325 ) 853.549 ( 6.214 ) 1090.200 ( 37.923 )
666.000 ( 0.000 ) 705.250 ( 20.248 ) 853.612 ( 6.184 ) 1077.200 ( 71.872 )
666.000 ( 0.000 ) 697.750 ( 24.417 ) 853.669 ( 6.882 ) 1083.800 ( 74.524 )
666.000 ( 0.000 ) 703.350 ( 24.553 ) 855.902 ( 7.391 ) 1090.950 ( 74.912 )
666.000 ( 0.000 ) 694.350 ( 20.723 ) 852.723 ( 6.187 ) 1097.400 ( 67.366 )
666.000 ( 0.000 ) 695.750 ( 24.454 ) 851.775 ( 5.590 ) 1092.300 ( 60.179 )
666.000 ( 0.000 ) 709.200 ( 17.256 ) 855.840 ( 6.200 ) 1089.650 ( 63.917 )
666.000 ( 0.000 ) 710.000 ( 20.957 ) 856.764 ( 5.722 ) 1100.800 ( 46.767 )
666.000 ( 0.000 ) 706.250 ( 22.385 ) 853.289 ( 7.730 ) 1086.450 ( 70.572 )
666.000 ( 0.000 ) 708.100 ( 21.100 ) 853.743 ( 4.723 ) 1093.100 ( 59.152 )
666.000 ( 0.000 ) 703.250 ( 20.506 ) 857.158 ( 6.441 ) 1117.300 ( 64.076 )
666.000 ( 0.000 ) 702.000 ( 27.902 ) 853.737 ( 5.191 ) 1100.600 ( 80.617 )
666.000 ( 0.000 ) 700.500 ( 21.409 ) 854.964 ( 7.341 ) 1115.800 ( 61.581 )
666.000 ( 0.000 ) 695.900 ( 22.237 ) 854.668 ( 6.780 ) 1100.050 ( 59.757 )
666.000 ( 0.000 ) 696.300 ( 26.378 ) 856.115 ( 6.219 ) 1100.950 ( 59.465 )
666.000 ( 0.000 ) 702.050 ( 19.218 ) 852.769 ( 4.594 ) 1072.500 ( 58.106 )
666.000 ( 0.000 ) 694.300 ( 18.783 ) 853.938 ( 7.583 ) 1117.250 ( 58.970 )
666.000 ( 0.000 ) 710.600 ( 19.968 ) 852.947 ( 6.254 ) 1121.850 ( 67.893 )
666.000 ( 0.000 ) 704.950 ( 20.965 ) 850.319 ( 7.942 ) 1091.150 ( 65.257 )
666.000 ( 0.000 ) 704.800 ( 25.367 ) 853.416 ( 6.226 ) 1089.400 ( 70.062 )
666.000 ( 0.000 ) 708.450 ( 27.029 ) 855.062 ( 5.381 ) 1088.850 ( 57.543 )
666.000 ( 0.000 ) 698.950 ( 25.277 ) 852.799 ( 5.256 ) 1086.750 ( 54.427 )
666.000 ( 0.000 ) 717.550 ( 22.535 ) 855.178 ( 8.205 ) 1095.750 ( 84.883 )
666.000 ( 0.000 ) 693.100 ( 24.164 ) 848.417 ( 7.123 ) 1060.700 ( 64.261 )
666.000 ( 0.000 ) 700.450 ( 20.747 ) 854.309 ( 6.728 ) 1106.900 ( 68.889 )
666.000 ( 0.000 ) 699.200 ( 22.706 ) 852.634 ( 6.034 ) 1086.650 ( 70.822 )
666.000 ( 0.000 ) 698.950 ( 23.724 ) 853.154 ( 6.163 ) 1070.150 ( 56.934 )
666.000 ( 0.000 ) 695.850 ( 28.104 ) 854.935 ( 6.939 ) 1098.650 ( 64.228 )
666.000 ( 0.000 ) 694.200 ( 18.134 ) 853.364 ( 6.624 ) 1077.400 ( 52.962 )
666.000 ( 0.000 ) 697.950 ( 20.788 ) 854.366 ( 7.003 ) 1098.900 ( 66.265 )
666.000 ( 0.000 ) 708.250 ( 22.056 ) 851.321 ( 5.763 ) 1099.000 ( 54.540 )
666.000 ( 0.000 ) 711.500 ( 22.196 ) 853.310 ( 7.178 ) 1072.200 ( 48.924 )
666.000 ( 0.000 ) 705.600 ( 30.293 ) 853.753 ( 7.494 ) 1080.000 ( 50.608 )
666.000 ( 0.000 ) 705.300 ( 21.815 ) 854.565 ( 8.032 ) 1061.650 ( 48.866 )
666.000 ( 0.000 ) 705.750 ( 25.747 ) 853.016 ( 7.401 ) 1080.600 ( 50.435 )
666.000 ( 0.000 ) 696.550 ( 22.648 ) 854.633 ( 6.719 ) 1090.150 ( 57.757 )
666.000 ( 0.000 ) 693.050 ( 17.926 ) 854.153 ( 7.172 ) 1073.050 ( 40.929 )
666.000 ( 0.000 ) 700.650 ( 25.194 ) 852.440 ( 6.110 ) 1083.100 ( 65.252 )
666.000 ( 0.000 ) 696.250 ( 20.474 ) 852.018 ( 4.987 ) 1075.600 ( 63.686 )
666.000 ( 0.000 ) 707.150 ( 26.004 ) 852.953 ( 7.688 ) 1082.350 ( 56.496 )
666.000 ( 0.000 ) 700.350 ( 21.939 ) 851.661 ( 6.504 ) 1054.200 ( 41.972 )
666.000 ( 0.000 ) 694.550 ( 20.436 ) 852.518 ( 6.281 ) 1060.000 ( 51.278 )
666.000 ( 0.000 ) 700.500 ( 18.247 ) 852.612 ( 6.732 ) 1111.250 ( 81.584 )
666.000 ( 0.000 ) 702.300 ( 23.277 ) 854.903 ( 6.975 ) 1079.450 ( 57.584 )
666.000 ( 0.000 ) 700.650 ( 24.957 ) 852.885 ( 7.691 ) 1098.150 ( 66.495 )
666.000 ( 0.000 ) 704.050 ( 29.430 ) 855.002 ( 8.574 ) 1097.300 ( 64.031 )
666.000 ( 0.000 ) 705.400 ( 23.965 ) 852.137 ( 6.477 ) 1087.050 ( 78.073 )
666.000 ( 0.000 ) 699.300 ( 29.064 ) 855.951 ( 4.748 ) 1069.300 ( 44.457 )
666.000 ( 0.000 ) 695.200 ( 23.062 ) 854.955 ( 5.593 ) 1092.150 ( 74.895 )
666.000 ( 0.000 ) 692.450 ( 21.374 ) 851.691 ( 8.112 ) 1088.950 ( 76.020 )
666.000 ( 0.000 ) 699.500 ( 26.347 ) 852.383 ( 7.928 ) 1084.400 ( 61.510 )
666.000 ( 0.000 ) 709.550 ( 21.169 ) 852.460 ( 9.397 ) 1080.400 ( 64.269 )
666.000 ( 0.000 ) 703.750 ( 24.267 ) 854.093 ( 7.781 ) 1086.100 ( 69.427 )
666.000 ( 0.000 ) 698.550 ( 15.813 ) 853.560 ( 6.183 ) 1087.700 ( 63.870 )
666.000 ( 0.000 ) 696.000 ( 23.175 ) 850.885 ( 6.287 ) 1095.950 ( 64.465 )
666.000 ( 0.000 ) 704.400 ( 24.575 ) 853.808 ( 7.181 ) 1066.750 ( 69.307 )
666.000 ( 0.000 ) 699.950 ( 25.527 ) 849.226 ( 6.951 ) 1067.400 ( 69.860 )
666.000 ( 0.000 ) 705.600 ( 21.539 ) 851.481 ( 7.016 ) 1100.550 ( 61.092 )
666.000 ( 0.000 ) 695.150 ( 21.978 ) 852.529 ( 7.124 ) 1083.150 ( 69.161 )
666.000 ( 0.000 ) 693.400 ( 16.082 ) 854.712 ( 6.652 ) 1095.500 ( 58.108 )
666.000 ( 0.000 ) 693.950 ( 19.956 ) 853.074 ( 6.664 ) 1074.700 ( 56.819 )
666.000 ( 0.000 ) 696.950 ( 17.651 ) 852.715 ( 5.562 ) 1091.750 ( 84.206 )
666.000 ( 0.000 ) 697.700 ( 25.383 ) 854.496 ( 6.376 ) 1081.400 ( 80.504 )
666.000 ( 0.000 ) 706.550 ( 22.103 ) 853.366 ( 7.985 ) 1089.750 ( 67.411 )
666.000 ( 0.000 ) 704.850 ( 21.982 ) 852.014 ( 7.096 ) 1073.350 ( 60.052 )
666.000 ( 0.000 ) 699.200 ( 24.406 ) 853.008 ( 7.280 ) 1077.150 ( 49.121 )
666.000 ( 0.000 ) 702.750 ( 27.437 ) 851.783 ( 6.439 ) 1080.200 ( 81.820 )
666.000 ( 0.000 ) 709.050 ( 21.910 ) 853.685 ( 6.400 ) 1102.700 ( 60.343 )
666.000 ( 0.000 ) 712.850 ( 23.595 ) 854.713 ( 6.688 ) 1116.200 ( 69.974 )
666.000 ( 0.000 ) 712.650 ( 24.912 ) 853.343 ( 5.961 ) 1089.750 ( 76.369 )
666.000 ( 0.000 ) 704.700 ( 24.573 ) 854.141 ( 7.529 ) 1108.150 ( 77.663 )
666.000 ( 0.000 ) 697.300 ( 25.397 ) 853.467 ( 6.309 ) 1093.650 ( 53.671 )
666.000 ( 0.000 ) 690.500 ( 18.768 ) 852.793 ( 5.817 ) 1084.900 ( 46.159 )
666.000 ( 0.000 ) 691.950 ( 22.668 ) 851.731 ( 7.174 ) 1078.800 ( 47.745 )
666.000 ( 0.000 ) 699.200 ( 21.572 ) 849.210 ( 4.081 ) 1079.350 ( 59.465 )
666.000 ( 0.000 ) 703.300 ( 24.568 ) 853.298 ( 4.994 ) 1081.900 ( 51.023 )
666.000 ( 0.000 ) 705.800 ( 25.549 ) 857.167 ( 8.625 ) 1099.600 ( 67.755 )
666.000 ( 0.000 ) 701.150 ( 24.080 ) 853.659 ( 4.341 ) 1089.250 ( 52.086 )
666.000 ( 0.000 ) 702.500 ( 21.729 ) 853.057 ( 6.899 ) 1113.350 ( 68.740 )
666.000 ( 0.000 ) 706.050 ( 25.331 ) 854.598 ( 6.423 ) 1088.950 ( 60.611 )
666.000 ( 0.000 ) 703.900 ( 22.510 ) 852.269 ( 5.905 ) 1108.550 ( 63.458 )
666.000 ( 0.000 ) 703.100 ( 21.774 ) 853.403 ( 5.334 ) 1112.800 ( 93.120 )
666.000 ( 0.000 ) 701.600 ( 23.915 ) 854.427 ( 7.697 ) 1081.350 ( 72.845 )
666.000 ( 0.000 ) 701.550 ( 26.003 ) 856.388 ( 8.117 ) 1084.250 ( 61.928 )
666.000 ( 0.000 ) 702.050 ( 25.115 ) 855.598 ( 5.601 ) 1098.000 ( 62.037 )
666.000 ( 0.000 ) 696.300 ( 21.998 ) 854.267 ( 6.299 ) 1110.700 ( 91.297 )
666.000 ( 0.000 ) 700.650 ( 23.040 ) 853.310 ( 4.806 ) 1103.700 ( 63.505 )
666.000 ( 0.000 ) 700.650 ( 23.582 ) 852.215 ( 4.778 ) 1067.150 ( 45.359 )
666.000 ( 0.000 ) 696.100 ( 26.126 ) 852.946 ( 5.472 ) 1070.850 ( 67.160 )
666.000 ( 0.000 ) 708.300 ( 25.770 ) 852.663 ( 7.134 ) 1075.950 ( 82.733 )
666.000 ( 0.000 ) 704.950 ( 17.136 ) 855.163 ( 4.365 ) 1087.950 ( 54.054 )
666.000 ( 0.000 ) 705.400 ( 21.914 ) 853.129 ( 5.940 ) 1072.050 ( 52.766 )
666.000 ( 0.000 ) 695.700 ( 25.456 ) 854.247 ( 6.448 ) 1101.900 ( 77.802 )
666.000 ( 0.000 ) 697.000 ( 23.238 ) 850.852 ( 5.325 ) 1119.450 ( 66.195 )
666.000 ( 0.000 ) 695.100 ( 22.479 ) 852.046 ( 7.994 ) 1086.150 ( 72.414 )
666.000 ( 0.000 ) 696.500 ( 23.655 ) 853.849 ( 6.932 ) 1092.500 ( 64.133 )
666.000 ( 0.000 ) 696.400 ( 22.292 ) 853.425 ( 7.464 ) 1100.150 ( 66.802 )
666.000 ( 0.000 ) 713.000 ( 23.011 ) 852.791 ( 7.718 ) 1092.100 ( 75.958 )
666.000 ( 0.000 ) 704.550 ( 22.211 ) 854.292 ( 7.467 ) 1121.750 ( 78.813 )
666.000 ( 0.000 ) 705.400 ( 21.694 ) 854.023 ( 5.804 ) 1107.750 ( 78.633 )
666.000 ( 0.000 ) 707.650 ( 24.719 ) 857.520 ( 5.871 ) 1093.200 ( 36.812 )
666.000 ( 0.000 ) 702.850 ( 21.699 ) 854.544 ( 5.548 ) 1117.300 ( 72.332 )
666.000 ( 0.000 ) 701.500 ( 20.188 ) 856.127 ( 5.886 ) 1106.400 ( 80.677 )
666.000 ( 0.000 ) 702.150 ( 23.335 ) 852.971 ( 6.741 ) 1080.750 ( 48.652 )
666.000 ( 0.000 ) 704.050 ( 24.931 ) 853.245 ( 7.743 ) 1080.000 ( 66.271 )
666.000 ( 0.000 ) 708.800 ( 17.075 ) 854.895 ( 5.307 ) 1103.950 ( 41.175 )
666.000 ( 0.000 ) 694.750 ( 22.201 ) 853.669 ( 6.443 ) 1086.500 ( 64.135 )
666.000 ( 0.000 ) 699.800 ( 27.484 ) 851.948 ( 5.642 ) 1081.450 ( 39.198 )
666.000 ( 0.000 ) 702.850 ( 25.852 ) 851.429 ( 6.658 ) 1061.200 ( 55.696 )
666.000 ( 0.000 ) 702.900 ( 24.378 ) 853.284 ( 7.189 ) 1084.550 ( 79.220 )
666.000 ( 0.000 ) 699.600 ( 19.681 ) 854.528 ( 7.557 ) 1091.750 ( 63.864 )
666.000 ( 0.000 ) 704.950 ( 27.856 ) 853.279 ( 6.262 ) 1085.700 ( 52.697 )
666.000 ( 0.000 ) 708.600 ( 23.741 ) 855.825 ( 6.334 ) 1090.800 ( 62.227 )
666.000 ( 0.000 ) 706.750 ( 28.443 ) 852.094 ( 7.189 ) 1113.450 ( 54.128 )
666.000 ( 0.000 ) 708.100 ( 17.841 ) 854.185 ( 4.903 ) 1100.400 ( 81.313 )
666.000 ( 0.000 ) 697.800 ( 21.231 ) 854.872 ( 4.621 ) 1105.350 ( 79.231 )
666.000 ( 0.000 ) 702.700 ( 24.601 ) 854.905 ( 5.522 ) 1070.700 ( 54.114 )
666.000 ( 0.000 ) 708.800 ( 16.470 ) 854.422 ( 5.077 ) 1093.850 ( 67.331 )
666.000 ( 0.000 ) 702.600 ( 23.155 ) 854.575 ( 6.605 ) 1077.300 ( 56.572 )
666.000 ( 0.000 ) 709.500 ( 25.932 ) 851.995 ( 4.470 ) 1096.600 ( 71.552 )
666.000 ( 0.000 ) 706.000 ( 23.358 ) 856.712 ( 6.858 ) 1074.500 ( 65.932 )
666.000 ( 0.000 ) 711.300 ( 15.437 ) 854.496 ( 6.246 ) 1102.250 ( 87.161 )
666.000 ( 0.000 ) 694.700 ( 21.843 ) 850.547 ( 7.644 ) 1076.150 ( 54.828 )
666.000 ( 0.000 ) 708.600 ( 21.381 ) 851.291 ( 7.197 ) 1094.500 ( 59.765 )
666.000 ( 0.000 ) 706.250 ( 23.603 ) 852.053 ( 6.247 ) 1070.800 ( 44.479 )
666.000 ( 0.000 ) 693.000 ( 22.757 ) 850.357 ( 8.261 ) 1078.700 ( 73.252 )
666.000 ( 0.000 ) 708.250 ( 27.092 ) 854.639 ( 8.328 ) 1087.850 ( 69.575 )
666.000 ( 0.000 ) 698.450 ( 21.611 ) 854.447 ( 5.851 ) 1094.550 ( 67.446 )
666.000 ( 0.000 ) 694.700 ( 24.050 ) 853.337 ( 4.619 ) 1095.100 ( 59.958 )
666.000 ( 0.000 ) 695.400 ( 24.303 ) 853.727 ( 5.385 ) 1116.250 ( 73.752 )
666.000 ( 0.000 ) 703.150 ( 19.599 ) 855.801 ( 6.687 ) 1100.000 ( 64.400 )
666.000 ( 0.000 ) 710.250 ( 25.548 ) 854.151 ( 7.971 ) 1081.400 ( 66.976 )
666.000 ( 0.000 ) 691.000 ( 18.703 ) 854.096 ( 7.260 ) 1085.850 ( 71.817 )
666.000 ( 0.000 ) 697.300 ( 22.970 ) 851.940 ( 6.766 ) 1089.900 ( 68.057 )
666.000 ( 0.000 ) 703.850 ( 26.541 ) 853.677 ( 6.241 ) 1087.350 ( 64.277 )
666.000 ( 0.000 ) 692.350 ( 20.357 ) 849.248 ( 6.119 ) 1072.700 ( 63.869 )
666.000 ( 0.000 ) 708.300 ( 21.289 ) 855.339 ( 5.911 ) 1082.900 ( 48.523 )
666.000 ( 0.000 ) 691.500 ( 20.402 ) 854.212 ( 6.593 ) 1091.850 ( 81.734 )
666.000 ( 0.000 ) 700.000 ( 22.269 ) 853.187 ( 5.745 ) 1093.750 ( 53.706 )
666.000 ( 0.000 ) 708.050 ( 23.823 ) 854.571 ( 6.042 ) 1095.700 ( 70.392 )
666.000 ( 0.000 ) 699.800 ( 24.665 ) 854.447 ( 7.218 ) 1092.300 ( 62.821 )
666.000 ( 0.000 ) 705.550 ( 27.498 ) 854.331 ( 6.257 ) 1092.250 ( 57.794 )
666.000 ( 0.000 ) 704.350 ( 24.733 ) 852.316 ( 5.329 ) 1081.550 ( 62.426 )
666.000 ( 0.000 ) 695.100 ( 22.812 ) 850.635 ( 6.406 ) 1062.200 ( 58.333 )
666.000 ( 0.000 ) 701.400 ( 25.335 ) 853.723 ( 7.623 ) 1086.550 ( 66.596 )
666.000 ( 0.000 ) 703.150 ( 26.805 ) 852.041 ( 5.206 ) 1089.600 ( 72.209 )
666.000 ( 0.000 ) 697.800 ( 19.229 ) 851.944 ( 6.102 ) 1093.000 ( 58.868 )
666.000 ( 0.000 ) 717.450 ( 22.927 ) 853.013 ( 6.076 ) 1080.950 ( 61.131 )
666.000 ( 0.000 ) 696.950 ( 24.844 ) 854.669 ( 6.472 ) 1084.800 ( 83.993 )
666.000 ( 0.000 ) 704.350 ( 20.514 ) 854.072 ( 7.239 ) 1081.750 ( 64.489 )
666.000 ( 0.000 ) 702.350 ( 26.991 ) 853.891 ( 7.055 ) 1063.050 ( 51.155 )
666.000 ( 0.000 ) 699.550 ( 20.970 ) 856.661 ( 8.002 ) 1117.700 ( 81.578 )
666.000 ( 0.000 ) 697.150 ( 26.704 ) 854.942 ( 9.702 ) 1100.800 ( 53.028 )
666.000 ( 0.000 ) 705.850 ( 24.557 ) 853.564 ( 6.589 ) 1076.300 ( 60.172 )
666.000 ( 0.000 ) 691.900 ( 20.312 ) 854.784 ( 6.070 ) 1088.500 ( 52.217 )
666.000 ( 0.000 ) 699.150 ( 21.537 ) 853.759 ( 7.170 ) 1079.400 ( 65.630 )
666.000 ( 0.000 ) 701.800 ( 24.101 ) 855.366 ( 7.746 ) 1079.100 ( 63.328 )
666.000 ( 0.000 ) 702.650 ( 21.738 ) 853.721 ( 7.554 ) 1086.000 ( 35.763 )
666.000 ( 0.000 ) 707.350 ( 24.614 ) 856.400 ( 6.565 ) 1127.150 ( 75.941 )
