1	1	0.138478098792
1	2	0.0160216440713
1	3	0.0173550757469
1	4	0.014316143112
1	5	0.0179584887285
1	6	0.0143381135686
1	7	0.0343419229042
1	8	0.0173801869443
1	9	0.0231534274287
1	10	0.0137606477409
1	11	0.0157491282985
1	12	0.0141843921245
1	13	0.0181976098241
1	14	0.0191278404249
1	15	0.0166982969164
1	16	0.0140349308882
1	17	0.0159204291161
1	18	0.0143287021544
1	19	0.0237965024022
1	20	0.0164660481922
1	21	0.014539754982
1	22	0.0215509650845
1	23	0.017318379411
1	24	0.0153862536104
1	25	0.0193819767071
1	26	0.0166583478457
1	27	0.0153375201141
1	28	0.0150256252711
1	29	0.0151284666298
1	30	0.0147890765592
1	31	0.014711886673
1	32	0.015878288564
1	33	0.0227573285528
1	34	0.0180161448959
1	35	0.0179253849592
1	36	0.0281688713411
1	37	0.0192557625746
1	38	0.0165965214646
1	39	0.0174461382962
1	40	0.0154036907584
1	41	0.0156063296479
1	42	0.0152735899732
1	43	0.0183160934628
1	44	0.0228403290641
1	45	0.0154909935325
1	46	0.0123260818463
1	47	0.021764943665
1	48	0.0149574659859
1	49	0.0208224905396
1	50	0.0157176686089
2	1	0.0156206612245
2	2	0.2058622392
2	3	0.0147234124235
2	4	0.0130037480461
2	5	0.0173991372997
2	6	0.0123107583271
2	7	0.0146409625142
2	8	0.0139144976736
2	9	0.0134379900477
2	10	0.0302475571449
2	11	0.015586408581
2	12	0.013087920136
2	13	0.0156985707907
2	14	0.0154210479917
2	15	0.0149365056039
2	16	0.0168978287322
2	17	0.0280543012313
2	18	0.0162044711979
2	19	0.0135313154791
2	20	0.0151817625559
2	21	0.0117761481159
2	22	0.016137433529
2	23	0.0156949830353
2	24	0.0158105615408
2	25	0.0128727076735
2	26	0.017568252704
2	27	0.0162784115424
2	28	0.0132682476934
2	29	0.0157422418518
2	30	0.0147554823924
2	31	0.0118005620413
2	32	0.0115202499592
2	33	0.0161643054741
2	34	0.0199468764058
2	35	0.0137757292443
2	36	0.0145532279223
2	37	0.0164184278997
2	38	0.0132857289281
2	39	0.0251818368795
2	40	0.0122021717331
2	41	0.0155612260197
2	42	0.033503998306
2	43	0.0187015027953
2	44	0.0127497220852
2	45	0.0127759210429
2	46	0.0152050416843
2	47	0.0166949729313
2	48	0.0135447383043
2	49	0.024535673508
2	50	0.0162125205563
3	1	0.017301464012
3	2	0.0150737325385
3	3	0.166601639094
3	4	0.0132651301002
3	5	0.021673570122
3	6	0.012334168708
3	7	0.0301711715326
3	8	0.0140225391737
3	9	0.0125522769594
3	10	0.016862426147
3	11	0.0192767446305
3	12	0.0130403383112
3	13	0.0144224462144
3	14	0.0145589326935
3	15	0.0292771823237
3	16	0.0172957608832
3	17	0.0162752994392
3	18	0.0205530840515
3	19	0.0156411492468
3	20	0.0166300347779
3	21	0.0150148285713
3	22	0.0216730028757
3	23	0.0142784756781
3	24	0.0152070170624
3	25	0.0150066007941
3	26	0.0134741024832
3	27	0.0167403377804
3	28	0.0177846247026
3	29	0.0225214123665
3	30	0.0145382773789
3	31	0.0135665978015
3	32	0.0133177721418
3	33	0.0311829458969
3	34	0.0147459672767
3	35	0.0154836374117
3	36	0.0140063767412
3	37	0.0219461638038
3	38	0.0121678683332
3	39	0.0159034192206
3	40	0.0335687736955
3	41	0.0176526272085
3	42	0.0138024579982
3	43	0.0184031693406
3	44	0.0134803584784
3	45	0.012709952433
3	46	0.013311038539
3	47	0.0162037870885
3	48	0.016491951777
3	49	0.0157715680078
3	50	0.0132157961541
4	1	0.0139456547918
4	2	0.01301805787
4	3	0.0129476447773
4	4	0.235137537492
4	5	0.0131736041207
4	6	0.0372165597303
4	7	0.0124158944788
4	8	0.0166955485399
4	9	0.0183506267343
4	10	0.0121971578396
4	11	0.012894554764
4	12	0.0190210571066
4	13	0.0143936165816
4	14	0.019964751182
4	15	0.012962889439
4	16	0.0131161160997
4	17	0.0147506093609
4	18	0.0122717107295
4	19	0.0179500542971
4	20	0.0150253633209
4	21	0.0190881394156
4	22	0.0123918685259
4	23	0.0140918193851
4	24	0.0126312666756
4	25	0.0147211863956
4	26	0.0137058528232
4	27	0.0124753922881
4	28	0.0133414403801
4	29	0.0125197160998
4	30	0.0137298051278
4	31	0.048521956445
4	32	0.0130501932382
4	33	0.0124896967589
4	34	0.0139809143318
4	35	0.0121240111201
4	36	0.0135653644329
4	37	0.0128348174015
4	38	0.0288951393477
4	39	0.013758353179
4	40	0.0150195320397
4	41	0.0129000820463
4	42	0.0120646666427
4	43	0.012533448985
4	44	0.0134373946267
4	45	0.0186453107069
4	46	0.0134113245522
4	47	0.0125857770805
4	48	0.0146781660356
4	49	0.0120744576293
4	50	0.017283897027
5	1	0.0181665179871
5	2	0.0180334388745
5	3	0.0219311349047
5	4	0.01377474277
5	5	0.167041260618
5	6	0.0169658851192
5	7	0.0154164936306
5	8	0.0215855779651
5	9	0.0183355964305
5	10	0.0136823491793
5	11	0.0166891615376
5	12	0.0241280049811
5	13	0.0183871269166
5	14	0.0146780673818
5	15	0.0145559934429
5	16	0.0178961395944
5	17	0.015729504943
5	18	0.0157411137178
5	19	0.0159673292364
5	20	0.0201147254361
5	21	0.0148172816545
5	22	0.0135604933664
5	23	0.0153552451506
5	24	0.0205489896948
5	25	0.0132665582248
5	26	0.0158939909583
5	27	0.0244755608661
5	28	0.0189905822751
5	29	0.0206564148723
5	30	0.0128343104521
5	31	0.0126611208836
5	32	0.0131976150906
5	33	0.0166187850525
5	34	0.0164042245624
5	35	0.014018987209
5	36	0.0155716814533
5	37	0.021974708579
5	38	0.0131177024508
5	39	0.031575844117
5	40	0.0141481327079
5	41	0.0172215156709
5	42	0.0132279844095
5	43	0.0178292665475
5	44	0.0153558100097
5	45	0.0201203204176
5	46	0.013937741791
5	47	0.0137563950856
5	48	0.0143192005555
5	49	0.0201590379949
5	50	0.0155643332306
6	1	0.0140183427298
6	2	0.0123745225374
6	3	0.0120750409952
6	4	0.0372003188428
6	5	0.0164208558896
6	6	0.212046060438
6	7	0.0128896579484
6	8	0.0223595355759
6	9	0.0185706365705
6	10	0.0120870205223
6	11	0.0131819110392
6	12	0.0225202929146
6	13	0.0188116804058
6	14	0.0226884010921
6	15	0.0123530180939
6	16	0.0139842736053
6	17	0.0130605058431
6	18	0.0133689455094
6	19	0.0202927306679
6	20	0.0153102908117
6	21	0.0134263778028
6	22	0.0127347126259
6	23	0.0152502578998
6	24	0.0132370209224
6	25	0.0131615074724
6	26	0.0151645154029
6	27	0.0136755833978
6	28	0.013330191402
6	29	0.0128352186426
6	30	0.0148418927026
6	31	0.0300342347725
6	32	0.0152498671739
6	33	0.0146603317907
6	34	0.0141595748838
6	35	0.0134541677717
6	36	0.0135887646022
6	37	0.0141465319461
6	38	0.0262517006513
6	39	0.0185608386386
6	40	0.0135084532399
6	41	0.0137139346047
6	42	0.012005937931
6	43	0.0122931181332
6	44	0.0132855037838
6	45	0.0320751194309
6	46	0.0133221698869
6	47	0.0123204815327
6	48	0.0126532837491
6	49	0.0119441236543
6	50	0.0195005415189
7	1	0.0338554100338
7	2	0.0146314310964
7	3	0.0297689535232
7	4	0.0123967698155
7	5	0.0147996267355
7	6	0.0128120635365
7	7	0.132291943237
7	8	0.0129429527058
7	9	0.0173585643265
7	10	0.0173474382384
7	11	0.0192192912101
7	12	0.0117042636125
7	13	0.0123291548154
7	14	0.0154740783301
7	15	0.0300133965257
7	16	0.0125784598405
7	17	0.0208795915785
7	18	0.0153916695543
7	19	0.0167323436114
7	20	0.0148065397845
7	21	0.0392307147181
7	22	0.0412794622236
7	23	0.0138603097423
7	24	0.0136613615482
7	25	0.0151180065142
7	26	0.0139369743354
7	27	0.0176266696196
7	28	0.0144632678814
7	29	0.0372367632144
7	30	0.0144166976212
7	31	0.0126073283457
7	32	0.0131617339554
7	33	0.019620780722
7	34	0.0136035355379
7	35	0.0141448020611
7	36	0.0180616900393
7	37	0.0213766600459
7	38	0.0129623935489
7	39	0.0131361485583
7	40	0.0132215369668
7	41	0.0171093604157
7	42	0.0133046388666
7	43	0.0165977083107
7	44	0.0222530205245
7	45	0.012674920643
7	46	0.0131179618599
7	47	0.0185622767145
7	48	0.0135183909358
7	49	0.0202732431101
7	50	0.0125276993075
8	1	0.0174772282569
8	2	0.0143915076495
8	3	0.0141797110946
8	4	0.0171769587467
8	5	0.021461246607
8	6	0.02278698926
8	7	0.0134440601388
8	8	0.181453854172
8	9	0.0201995585995
8	10	0.0159333235806
8	11	0.0152366923123
8	12	0.0305413715716
8	13	0.0152963477524
8	14	0.0143989242237
8	15	0.0130107566451
8	16	0.0169187234256
8	17	0.0147247822936
8	18	0.0152351656774
8	19	0.0173157319134
8	20	0.0211094614814
8	21	0.0153704792489
8	22	0.0137060962081
8	23	0.0153089731462
8	24	0.0209747081737
8	25	0.0175949785797
8	26	0.0153920879384
8	27	0.0178067656788
8	28	0.0144081962603
8	29	0.0157079065588
8	30	0.0125814104356
8	31	0.0187260109078
8	32	0.0185943805597
8	33	0.0192898130831
8	34	0.0150710618241
8	35	0.0142604835856
8	36	0.0158904372709
8	37	0.0154846810807
8	38	0.014602261811
8	39	0.0172003485865
8	40	0.0144251029107
8	41	0.0197502721921
8	42	0.0134247239095
8	43	0.0154927313361
8	44	0.0184007448648
8	45	0.0189911188798
8	46	0.0131680020594
8	47	0.0147622321884
8	48	0.0174351236683
8	49	0.0160101786448
8	50	0.0178762930061
9	1	0.0230668317345
9	2	0.0137886371887
9	3	0.0125724621751
9	4	0.0186763682294
9	5	0.0180627600481
9	6	0.0188517522232
9	7	0.0177201055815
9	8	0.0200402257089
9	9	0.165541427994
9	10	0.0165106514821
9	11	0.0138939658522
9	12	0.0134731611158
9	13	0.0126868570324
9	14	0.0150310228419
9	15	0.0158119442393
9	16	0.0138370729692
9	17	0.0145461259968
9	18	0.0142545895002
9	19	0.016206925124
9	20	0.0168438879244
9	21	0.020739699725
9	22	0.0162041442978
9	23	0.0154993967492
9	24	0.0169239856867
9	25	0.0129211011782
9	26	0.0201222637389
9	27	0.0158187321275
9	28	0.0194833800876
9	29	0.015974772377
9	30	0.013140202434
9	31	0.015065074683
9	32	0.0133268458116
9	33	0.0145737039154
9	34	0.0151579318901
9	35	0.0248607955419
9	36	0.0189034775166
9	37	0.014742991511
9	38	0.0137754242988
9	39	0.0212005601978
9	40	0.015298142107
9	41	0.0241683132374
9	42	0.0129629063888
9	43	0.0258162819434
9	44	0.0314799603947
9	45	0.0303592075016
9	46	0.012506292075
9	47	0.0124725906008
9	48	0.0153546112504
9	49	0.0153017500353
9	50	0.0144286857356
10	1	0.0133502113928
10	2	0.0302321302757
10	3	0.0164943609994
10	4	0.0121697494907
10	5	0.0130696510185
10	6	0.0120040274857
10	7	0.0173359127147
10	8	0.0154356089627
10	9	0.0161460169525
10	10	0.171505134072
10	11	0.0138849268969
10	12	0.0121896378887
10	13	0.0111185977176
10	14	0.0120533161561
10	15	0.0208155051072
10	16	0.0131063013071
10	17	0.0591873381258
10	18	0.0144571048049
10	19	0.0121100925869
10	20	0.0151135133317
10	21	0.0147775257241
10	22	0.016063769165
10	23	0.0132675170767
10	24	0.0160622182083
10	25	0.014615801488
10	26	0.0191571320407
10	27	0.0152468478534
10	28	0.0119160481338
10	29	0.0177962761019
10	30	0.0326665699057
10	31	0.0127057239637
10	32	0.0129692835626
10	33	0.0178112175889
10	34	0.0129868868842
10	35	0.0136525006437
10	36	0.0150077230489
10	37	0.0121374531355
10	38	0.0120783893926
10	39	0.0145300247193
10	40	0.0138596017935
10	41	0.0174556033905
10	42	0.039669755704
10	43	0.015271840579
10	44	0.0143195639973
10	45	0.0126919780444
10	46	0.0195859861321
10	47	0.0172095206158
10	48	0.0138391674107
10	49	0.0254664780012
10	50	0.0134024584068
11	1	0.0157695223104
11	2	0.015995389642
11	3	0.0193448321099
11	4	0.0132914750219
11	5	0.0164907973183
11	6	0.0135258148685
11	7	0.0196538161161
11	8	0.0151511765389
11	9	0.0139539819154
11	10	0.0143132570865
11	11	0.158663162107
11	12	0.0205636328654
11	13	0.0227564570154
11	14	0.0147807454519
11	15	0.0148662061264
11	16	0.0141391732486
11	17	0.0275317340686
11	18	0.019426651695
11	19	0.0127321349769
11	20	0.0184198728933
11	21	0.0212227563948
11	22	0.0207363251505
11	23	0.0182748001982
11	24	0.0182057298959
11	25	0.0141114272172
11	26	0.0133983902341
11	27	0.031838540734
11	28	0.0162603529544
11	29	0.0170509104808
11	30	0.0140092222864
11	31	0.0133043693239
11	32	0.0152703065998
11	33	0.0194301256155
11	34	0.0171891082861
11	35	0.0158065553786
11	36	0.0156455767086
11	37	0.0155072226703
11	38	0.0123337032466
11	39	0.020083576067
11	40	0.0144281367397
11	41	0.0177757938262
11	42	0.0146178223965
11	43	0.0213823412072
11	44	0.0176945285709
11	45	0.0146222187174
11	46	0.0124344676567
11	47	0.0161345266736
11	48	0.0192103306298
11	49	0.0277236987783
11	50	0.0129273019844
12	1	0.0140270861065
12	2	0.0133052492941
12	3	0.0129334359193
12	4	0.0192412815726
12	5	0.0237456163579
12	6	0.0226993834999
12	7	0.0119333932947
12	8	0.0302916800716
12	9	0.0133435592589
12	10	0.0124235239381
12	11	0.0203830481436
12	12	0.193125870003
12	13	0.0156604377383
12	14	0.0167294640322
12	15	0.0145542097573
12	16	0.0147141926839
12	17	0.0144430740986
12	18	0.0128603489686
12	19	0.0265447921954
12	20	0.0155171449336
12	21	0.0139891073644
12	22	0.0131634817301
12	23	0.0152274708904
12	24	0.0219655558206
12	25	0.014750684482
12	26	0.0141350475577
12	27	0.0247308138773
12	28	0.0166943831729
12	29	0.0140157983082
12	30	0.0124342815089
12	31	0.0135057017569
12	32	0.0150650911038
12	33	0.0165863294019
12	34	0.0168850836843
12	35	0.0134804727248
12	36	0.0143639496711
12	37	0.0155083623024
12	38	0.0136415701048
12	39	0.0196241916486
12	40	0.0181731642556
12	41	0.014143342711
12	42	0.0129083112997
12	43	0.0133698736042
12	44	0.0141642356762
12	45	0.0304045303691
12	46	0.0119590256066
12	47	0.0119460821551
12	48	0.0146485207532
12	49	0.0128431935946
12	50	0.0271955509953
13	1	0.0178988804143
13	2	0.0157971273422
13	3	0.0141767228759
13	4	0.0144699775792
13	5	0.0178770580205
13	6	0.0188444190092
13	7	0.0124219324836
13	8	0.0148952312466
13	9	0.0124164175109
13	10	0.0112114264206
13	11	0.0224542768414
13	12	0.0155139682944
13	13	0.215404559893
13	14	0.0209634105371
13	15	0.0128955669469
13	16	0.0165649434063
13	17	0.0115730598005
13	18	0.0177174085712
13	19	0.0148269903489
13	20	0.0144048214192
13	21	0.0118459034305
13	22	0.0152278345257
13	23	0.0221102180925
13	24	0.0193851138856
13	25	0.0204486237885
13	26	0.0136536784947
13	27	0.0168032773376
13	28	0.0270311381001
13	29	0.0130821584128
13	30	0.0120482107039
13	31	0.0141221967397
13	32	0.0131119779523
13	33	0.0195209722467
13	34	0.0168001322931
13	35	0.0142671015803
13	36	0.0167999559133
13	37	0.0235523240429
13	38	0.0158153832127
13	39	0.0264235732971
13	40	0.012803744912
13	41	0.0145909916739
13	42	0.0126581061342
13	43	0.0162460232315
13	44	0.0166164122484
13	45	0.0161127044097
13	46	0.012557898881
13	47	0.0122321395285
13	48	0.0146039161852
13	49	0.0122862731993
13	50	0.0149138165842
14	1	0.0189987375793
14	2	0.0156910181913
14	3	0.0145084878911
14	4	0.0202205986197
14	5	0.0143606975376
14	6	0.0228912235216
14	7	0.0157696913963
14	8	0.0141950606508
14	9	0.0149684609662
14	10	0.0123529641423
14	11	0.0146567069104
14	12	0.0167793960326
14	13	0.0211303170699
14	14	0.213113168176
14	15	0.0147632205473
14	16	0.0171599803874
14	17	0.0124957896931
14	18	0.0157960680629
14	19	0.0161741759175
14	20	0.0184216730759
14	21	0.0148940153503
14	22	0.0133220782643
14	23	0.0150771260563
14	24	0.0154836446721
14	25	0.0167583277955
14	26	0.0193168270436
14	27	0.0147737135785
14	28	0.0167713567377
14	29	0.0137632510863
14	30	0.0158663567887
14	31	0.0294642242112
14	32	0.0142411051166
14	33	0.013843332723
14	34	0.0165999172493
14	35	0.0151625376526
14	36	0.0160986713144
14	37	0.0174932803305
14	38	0.0174061363933
14	39	0.0190108360524
14	40	0.0162691548921
14	41	0.0134625307539
14	42	0.0132063802373
14	43	0.0153853443133
14	44	0.0150986190503
14	45	0.0149809504641
14	46	0.0133937978235
14	47	0.0129491978615
14	48	0.0154021381989
14	49	0.0118769132204
14	50	0.0181807983987
15	1	0.016448544822
15	2	0.0150848492988
15	3	0.0290310677356
15	4	0.0131041688673
15	5	0.0140997441891
15	6	0.012435106333
15	7	0.0301721965013
15	8	0.0126734974375
15	9	0.015614185532
15	10	0.0209916199141
15	11	0.0146004706126
15	12	0.014475642735
15	13	0.0129591106415
15	14	0.0146282678285
15	15	0.171717101865
15	16	0.013122703638
15	17	0.0168807474823
15	18	0.0232570242244
15	19	0.0178530889877
15	20	0.0217233390457
15	21	0.0246688657133
15	22	0.0207974307311
15	23	0.0145779706823
15	24	0.0150492243654
15	25	0.013738615844
15	26	0.0128852659884
15	27	0.017731785815
15	28	0.0143825482258
15	29	0.0261572041715
15	30	0.0161131396713
15	31	0.0183517479951
15	32	0.0139672498231
15	33	0.0165334747049
15	34	0.0150313746925
15	35	0.0171654759309
15	36	0.0153086079277
15	37	0.0203834414739
15	38	0.0128710765649
15	39	0.0140463737536
15	40	0.0374148098577
15	41	0.0139879569174
15	42	0.0137891516545
15	43	0.0143259681986
15	44	0.0141674970804
15	45	0.0130702638081
15	46	0.013343128322
15	47	0.0137475526824
15	48	0.0166345393434
15	49	0.0162589601069
15	50	0.0126268202621
16	1	0.0130928316756
16	2	0.0164076570739
16	3	0.0164104625502
16	4	0.0125657909402
16	5	0.0167266659664
16	6	0.0133544790264
16	7	0.0120423570023
16	8	0.0158369677852
16	9	0.0129222859067
16	10	0.012592494318
16	11	0.0132069734669
16	12	0.0139429735151
16	13	0.0159279684709
16	14	0.0163542652973
16	15	0.0124262537572
16	16	0.276781327225
16	17	0.0134041862715
16	18	0.0131753591916
16	19	0.0139384090572
16	20	0.0187165466034
16	21	0.0117337970754
16	22	0.013167971602
16	23	0.0161389044267
16	24	0.0155020242182
16	25	0.0135392188957
16	26	0.0142692216269
16	27	0.013064838331
16	28	0.0122833355133
16	29	0.0139732638356
16	30	0.0146317857229
16	31	0.0116831224813
16	32	0.0306041823772
16	33	0.0138574508881
16	34	0.0162643305785
16	35	0.0145362113751
16	36	0.0183245896311
16	37	0.0126805585403
16	38	0.0119063843327
16	39	0.0218610393961
16	40	0.0126255976784
16	41	0.0230952943246
16	42	0.0136441059353
16	43	0.0153334982378
16	44	0.0125757088806
16	45	0.0136739313916
16	46	0.0140792174456
16	47	0.0128125239032
16	48	0.0126560641776
16	49	0.013310212959
16	50	0.0163453591172
17	1	0.015400439442
17	2	0.0279172695144
17	3	0.0158083500868
17	4	0.0146150736561
17	5	0.0150078035519
17	6	0.0128801965094
17	7	0.0207596370203
17	8	0.0141177025741
17	9	0.0140707459976
17	10	0.05903206329
17	11	0.0269445036059
17	12	0.0140962710602
17	13	0.0113910098857
17	14	0.0121081065737
17	15	0.0166009800296
17	16	0.0137962375397
17	17	0.185524605726
17	18	0.0142932288971
17	19	0.0142474865204
17	20	0.0171366840365
17	21	0.0153937386599
17	22	0.013694971415
17	23	0.0128916241655
17	24	0.0134492254423
17	25	0.0143648477853
17	26	0.0123806895963
17	27	0.0200392244874
17	28	0.013405593256
17	29	0.0192771838386
17	30	0.020690619652
17	31	0.0133180121249
17	32	0.0134777504212
17	33	0.0173720681101
17	34	0.0120927150549
17	35	0.0125859685038
17	36	0.0130262951722
17	37	0.013495797116
17	38	0.0121879508971
17	39	0.0128885969862
17	40	0.0142692819718
17	41	0.0149169401686
17	42	0.0169624825253
17	43	0.0129908321606
17	44	0.0123678374933
17	45	0.0127498016274
17	46	0.0153175950847
17	47	0.0210615448789
17	48	0.0170185594388
17	49	0.0374279727894
17	50	0.0131358836595
18	1	0.0140999475015
18	2	0.0163564260169
18	3	0.0203483184235
18	4	0.012404216073
18	5	0.0153012090214
18	6	0.0134468581583
18	7	0.015559109104
18	8	0.0149072403529
18	9	0.0140642098796
18	10	0.0146249782798
18	11	0.019154129072
18	12	0.0127894239387
18	13	0.0177686898268
18	14	0.0156726329405
18	15	0.0232756806462
18	16	0.0138466539282
18	17	0.014558217512
18	18	0.178733896
18	19	0.0130138622078
18	20	0.016406196005
18	21	0.0203176969411
18	22	0.0147005808391
18	23	0.0141638388943
18	24	0.0173198129506
18	25	0.014886053836
18	26	0.0139222096697
18	27	0.0194925936533
18	28	0.0282574416387
18	29	0.0151491141142
18	30	0.0170268748785
18	31	0.014572522441
18	32	0.0169976780364
18	33	0.0141616000541
18	34	0.0147556161402
18	35	0.0254131432407
18	36	0.0140540363931
18	37	0.0293516127933
18	38	0.0179420018735
18	39	0.0133099936596
18	40	0.0247443484857
18	41	0.0164474556749
18	42	0.016128187598
18	43	0.0216620907638
18	44	0.0149598305689
18	45	0.0130279257432
18	46	0.0135537284833
18	47	0.0140970804066
18	48	0.0206219534062
18	49	0.019098306623
18	50	0.0135327753109
19	1	0.0235962586938
19	2	0.0137633284223
19	3	0.0155330746104
19	4	0.0181589012605
19	5	0.0155973247685
19	6	0.0204502424274
19	7	0.0169764118511
19	8	0.0170463264997
19	9	0.0160892324275
19	10	0.0123690562131
19	11	0.0125598380422
19	12	0.0265046030205
19	13	0.0149723834865
19	14	0.0161197653817
19	15	0.0179375939729
19	16	0.0147329030918
19	17	0.0146055727917
19	18	0.0130912948589
19	19	0.200712309989
19	20	0.0137972193538
19	21	0.0138734416094
19	22	0.0142225347609
19	23	0.0170192380374
19	24	0.023495833215
19	25	0.0148836021057
19	26	0.0137400291112
19	27	0.0139312243265
19	28	0.0129510766206
19	29	0.0137968464039
19	30	0.0136108226935
19	31	0.0205435866193
19	32	0.0134186383377
19	33	0.0182109156176
19	34	0.0159224385552
19	35	0.0143410861397
19	36	0.0161722515773
19	37	0.0149299988814
19	38	0.0152345109966
19	39	0.0141838022207
19	40	0.013204779833
19	41	0.0163791968881
19	42	0.0125326521515
19	43	0.0144335518602
19	44	0.0162327145429
19	45	0.0218790933558
19	46	0.0127153635401
19	47	0.0135939206217
19	48	0.0134395071894
19	49	0.0129626218227
19	50	0.0435310792013
20	1	0.0164611691212
20	2	0.0155467935758
20	3	0.0166774402608
20	4	0.0153969526793
20	5	0.019879200416
20	6	0.0156320110481
20	7	0.0152150183121
20	8	0.0210004199184
20	9	0.0168889529907
20	10	0.0155077857363
20	11	0.0183933663963
20	12	0.0156821018415
20	13	0.0146928108807
20	14	0.018535602123
20	15	0.0219785978114
20	16	0.0197016311999
20	17	0.0176475304471
20	18	0.0166409173089
20	19	0.0139551047083
20	20	0.184736310932
20	21	0.0154935824086
20	22	0.0149453270046
20	23	0.0140197560189
20	24	0.0158295583707
20	25	0.0160396194871
20	26	0.0154336173096
20	27	0.0197399655179
20	28	0.0144750202135
20	29	0.0182674491746
20	30	0.0166246063978
20	31	0.0193940200163
20	32	0.017530041435
20	33	0.0238823611013
20	34	0.0151323253186
20	35	0.0161551632706
20	36	0.0183123108235
20	37	0.0165652092622
20	38	0.0138094653736
20	39	0.0174717014201
20	40	0.0138011057559
20	41	0.0183101688253
20	42	0.0136749850488
20	43	0.0164557424705
20	44	0.0143406194779
20	45	0.0170311851655
20	46	0.0134909927008
20	47	0.0144665825997
20	48	0.0194349269201
20	49	0.0159778531517
20	50	0.0137250202515
21	1	0.0141134901353
21	2	0.0117338407732
21	3	0.0146318713363
21	4	0.01902690125
21	5	0.0141728812616
21	6	0.0133169235074
21	7	0.0392766680885
21	8	0.0148287393585
21	9	0.0203617409891
21	10	0.0147606020763
21	11	0.0207702194706
21	12	0.0137154986007
21	13	0.0117238629033
21	14	0.0145743707467
21	15	0.0245101980758
21	16	0.0122274585187
21	17	0.0154788536707
21	18	0.0201310610653
21	19	0.0135963373096
21	20	0.0150639234332
21	21	0.171281456034
21	22	0.0142195113319
21	23	0.0127480719115
21	24	0.0131097980355
21	25	0.015968873147
21	26	0.0147386540877
21	27	0.0150763516028
21	28	0.0165230903339
21	29	0.0346542100797
21	30	0.0152852824681
21	31	0.0332517103955
21	32	0.0168391220826
21	33	0.0131868713693
21	34	0.011889198181
21	35	0.0144076937791
21	36	0.0142391808773
21	37	0.0148689538212
21	38	0.0153608607134
21	39	0.0119445703952
21	40	0.0337447546527
21	41	0.0158965620165
21	42	0.0122676701647
21	43	0.0160270772618
21	44	0.0345434305481
21	45	0.0124708004539
21	46	0.0123140893356
21	47	0.0121016944211
21	48	0.0150086503845
21	49	0.016670725577
21	50	0.0113456419662
22	1	0.0211265230639
22	2	0.016128720314
22	3	0.0213050460079
22	4	0.012369307967
22	5	0.0129406789386
22	6	0.0126532927996
22	7	0.0413081899395
22	8	0.0132112215056
22	9	0.0158367568667
22	10	0.0160741840266
22	11	0.0203007872116
22	12	0.0129243968795
22	13	0.0151207293306
22	14	0.0130181232386
22	15	0.0206406287997
22	16	0.0137256026157
22	17	0.0137999254185
22	18	0.0145385662832
22	19	0.0139690545728
22	20	0.0145422883504
22	21	0.0142455834456
22	22	0.18678214655
22	23	0.0130157473817
22	24	0.0167312254437
22	25	0.0156017651965
22	26	0.0133129405182
22	27	0.0294949162997
22	28	0.0188091166941
22	29	0.0414642376117
22	30	0.0126966422176
22	31	0.0121128897396
22	32	0.0142595604603
22	33	0.018372541608
22	34	0.0155998615725
22	35	0.0119728386549
22	36	0.0153914973018
22	37	0.0203101057594
22	38	0.0127689298758
22	39	0.0187698187213
22	40	0.0126432737299
22	41	0.0146776658893
22	42	0.0137797736231
22	43	0.0178335038272
22	44	0.0190220707212
22	45	0.0133975763883
22	46	0.0128406316334
22	47	0.0143701386688
22	48	0.0141042396886
22	49	0.0168839544065
22	50	0.0132007822414
23	1	0.0174466558454
23	2	0.0162098100079
23	3	0.0144692455943
23	4	0.0146392931938
23	5	0.0152758514978
23	6	0.0157367198508
23	7	0.0144008130624
23	8	0.0153424477091
23	9	0.0156845510974
23	10	0.0137940889099
23	11	0.0183869692341
23	12	0.0155313630083
23	13	0.0225419758848
23	14	0.0153281262323
23	15	0.0149477460156
23	16	0.0172485570606
23	17	0.0135135009368
23	18	0.0145391429125
23	19	0.0173180794415
23	20	0.0141510134513
23	21	0.01331451718
23	22	0.0135622227141
23	23	0.192690566918
23	24	0.0288570226453
23	25	0.0152064730103
23	26	0.014274364907
23	27	0.0170068327743
23	28	0.0198001683713
23	29	0.0146512700746
23	30	0.0150088086073
23	31	0.0143277532306
23	32	0.0146220680736
23	33	0.0178783748166
23	34	0.017853161148
23	35	0.0165945437134
23	36	0.0247531565168
23	37	0.0145647941665
23	38	0.0262644874838
23	39	0.019380235503
23	40	0.0161669595199
23	41	0.0148549369973
23	42	0.0127634790237
23	43	0.0235181570515
23	44	0.0187882535922
23	45	0.0167103113905
23	46	0.0140457635335
23	47	0.0124002444506
23	48	0.0152722146478
23	49	0.0136915634677
23	50	0.0146713435243
24	1	0.0151880803034
24	2	0.016006851381
24	3	0.0150608868581
24	4	0.01281411405
24	5	0.0201300496587
24	6	0.0133620013411
24	7	0.0138654205854
24	8	0.0206747717494
24	9	0.0167694566198
24	10	0.0162775314887
24	11	0.0179797996075
24	12	0.0219163645592
24	13	0.0194760645259
24	14	0.0153910250628
24	15	0.0150931950642
24	16	0.0162686530748
24	17	0.0137605776992
24	18	0.0173593814305
24	19	0.0234736660386
24	20	0.0156352363941
24	21	0.0133430078987
24	22	0.0169410277268
24	23	0.0285314705951
24	24	0.150120634463
24	25	0.0130937180997
24	26	0.0180210241775
24	27	0.0238859398079
24	28	0.0145270145728
24	29	0.02313126265
24	30	0.0143327725227
24	31	0.0135106011811
24	32	0.0185754424225
24	33	0.0260555779057
24	34	0.0154712385842
24	35	0.0149548636652
24	36	0.0218062225999
24	37	0.0162116056719
24	38	0.0119036232066
24	39	0.01640746007
24	40	0.0128746809264
24	41	0.0290652045598
24	42	0.0134969225328
24	43	0.0223013962999
24	44	0.0162720585269
24	45	0.0153594928147
24	46	0.0162890401423
24	47	0.0144257051695
24	48	0.0151767841761
24	49	0.0169438583854
24	50	0.0204672211527
25	1	0.0188983166592
25	2	0.0128108107329
25	3	0.0145925833502
25	4	0.0146347175329
25	5	0.0126053481038
25	6	0.0130234068749
25	7	0.0150590866233
25	8	0.0170366802626
25	9	0.0125154485914
25	10	0.0145714718221
25	11	0.0136378814224
25	12	0.0144550006859
25	13	0.0202640017557
25	14	0.0163833324793
25	15	0.0135118290821
25	16	0.014009770234
25	17	0.0144128853177
25	18	0.0146642043501
25	19	0.0145801708761
25	20	0.0155590819715
25	21	0.0159344807612
25	22	0.0155455952304
25	23	0.0146175494428
25	24	0.0128340929285
25	25	0.243816100188
25	26	0.0125954926584
25	27	0.0166306220271
25	28	0.0134817287393
25	29	0.0173731688434
25	30	0.0142114608438
25	31	0.018030374043
25	32	0.0254015385166
25	33	0.0199781613979
25	34	0.0192228968352
25	35	0.0128436260327
25	36	0.022833174127
25	37	0.0200964202265
25	38	0.0143372003585
25	39	0.0129192370624
25	40	0.0151308624806
25	41	0.0132047505482
25	42	0.0138556888422
25	43	0.0155606750515
25	44	0.013127881718
25	45	0.0131226897213
25	46	0.0124463566
25	47	0.014279827275
25	48	0.0236216270754
25	49	0.0134240358883
25	50	0.0122966558084
26	1	0.0167152590345
26	2	0.0180547208531
26	3	0.0135768515505
26	4	0.0141265707043
26	5	0.0157334426919
26	6	0.0155358589929
26	7	0.0143867660163
26	8	0.0153444673899
26	9	0.0202510922903
26	10	0.0196736508039
26	11	0.0134274370847
26	12	0.0143418707661
26	13	0.014002810179
26	14	0.0195058652098
26	15	0.0131670759309
26	16	0.0153149778233
26	17	0.012935779595
26	18	0.0142000079738
26	19	0.0139473698965
26	20	0.0154908107505
26	21	0.0152093821463
26	22	0.0137726595281
26	23	0.0141893441618
26	24	0.018282468701
26	25	0.0130752436599
26	26	0.18841240248
26	27	0.0145331029461
26	28	0.0128160871348
26	29	0.0170592694442
26	30	0.0161333990571
26	31	0.0118872837465
26	32	0.0163481137618
26	33	0.0139370226235
26	34	0.0142146091845
26	35	0.0137369106495
26	36	0.0174443222236
26	37	0.0138959085345
26	38	0.0134413705354
26	39	0.0180485827564
26	40	0.0132116817538
26	41	0.0383340614407
26	42	0.015721006942
26	43	0.0211782590688
26	44	0.0220153575767
26	45	0.0182757812768
26	46	0.0377621330014
26	47	0.0181643720898
26	48	0.0135509396275
26	49	0.0175306455089
26	50	0.0180855929016
27	1	0.0150806824433
27	2	0.0164156537159
27	3	0.0165253430927
27	4	0.0125913444484
27	5	0.0239716450067
27	6	0.0137355337028
27	7	0.017776925939
27	8	0.0174332176644
27	9	0.0155983361834
27	10	0.0153976731076
27	11	0.0315403142535
27	12	0.0246165053967
27	13	0.0168364752679
27	14	0.0146276788876
27	15	0.0177188871658
27	16	0.0137125369033
27	17	0.0203242599282
27	18	0.0194726638217
27	19	0.0138262059049
27	20	0.0194712707452
27	21	0.0152513455651
27	22	0.0296544716757
27	23	0.0166208078182
27	24	0.0238249360248
27	25	0.016827011775
27	26	0.0142246353829
27	27	0.156159596806
27	28	0.0193413009616
27	29	0.0228800836421
27	30	0.0121556721925
27	31	0.0137475456093
27	32	0.013131327184
27	33	0.021571728014
27	34	0.014397262249
27	35	0.0158404702594
27	36	0.0158054870454
27	37	0.0257928096941
27	38	0.012618944394
27	39	0.0185895824309
27	40	0.0131958883413
27	41	0.0164113149312
27	42	0.0124715041346
27	43	0.0195971416639
27	44	0.0154952934159
27	45	0.0159197205968
27	46	0.0126985147346
27	47	0.0138598935894
27	48	0.0141543595458
27	49	0.0184372770646
27	50	0.012650919679
28	1	0.0142421685617
28	2	0.0128908600202
28	3	0.0170298583398
28	4	0.0129295730584
28	5	0.0179652757783
28	6	0.0128614377684
28	7	0.014075798171
28	8	0.0135120001124
28	9	0.0187266559989
28	10	0.0115626878257
28	11	0.015408096942
28	12	0.0160286333211
28	13	0.0264476520126
28	14	0.0160759070088
28	15	0.013830842959
28	16	0.0124401973286
28	17	0.0131299974669
28	18	0.0276317681625
28	19	0.0123067148081
28	20	0.0137011172957
28	21	0.0161467517864
28	22	0.0184175471131
28	23	0.0188156757222
28	24	0.0139036703897
28	25	0.0131654644833
28	26	0.0120061597034
28	27	0.0187872997482
28	28	0.213611285694
28	29	0.0146368298692
28	30	0.0124824454248
28	31	0.0148447234548
28	32	0.0122910497391
28	33	0.0136980199486
28	34	0.015371892417
28	35	0.0190234304455
28	36	0.0124638692646
28	37	0.024484272034
28	38	0.022483392123
28	39	0.0186550217788
28	40	0.0374894282406
28	41	0.0140072690424
28	42	0.0121572095573
28	43	0.0176791605986
28	44	0.0178638531872
28	45	0.0160706890269
28	46	0.0121665972003
28	47	0.0136202658513
28	48	0.0134442976327
28	49	0.0131341040874
28	50	0.0142810814964
29	1	0.0147087125656
29	2	0.0157149609704
29	3	0.0221088721253
29	4	0.0124894324006
29	5	0.0199743260291
29	6	0.0127460051264
29	7	0.0371635568889
29	8	0.0151864107744
29	9	0.0155868042473
29	10	0.017784038411
29	11	0.0165977892798
29	12	0.0137615798313
29	13	0.0129741223867
29	14	0.0134516641626
29	15	0.0259551201926
29	16	0.0144977924984
29	17	0.0193672023384
29	18	0.0149690371507
29	19	0.0135366072394
29	20	0.0178412653255
29	21	0.0345576797037
29	22	0.0413514983167
29	23	0.0141079084586
29	24	0.0228761422714
29	25	0.0174054220275
29	26	0.0165716337231
29	27	0.0226753157847
29	28	0.0150117755731
29	29	0.13691006458
29	30	0.0138839803329
29	31	0.0139879125189
29	32	0.0132495073815
29	33	0.0248708298367
29	34	0.0148083759719
29	35	0.0147395306158
29	36	0.0153801743386
29	37	0.0200244675563
29	38	0.0126375604662
29	39	0.0148505136322
29	40	0.0160516814494
29	41	0.0162965101458
29	42	0.0125666987497
29	43	0.0236897056276
29	44	0.0161436850191
29	45	0.0138173132768
29	46	0.0152482659158
29	47	0.0147979248892
29	48	0.0169935839785
29	49	0.0155478637313
29	50	0.0125311741829
30	1	0.0130704217066
30	2	0.0134346402295
30	3	0.0128661463186
30	4	0.0123921573841
30	5	0.0110669424022
30	6	0.0134768078722
30	7	0.0131071351007
30	8	0.0109225120359
30	9	0.0115030076318
30	10	0.0312056589589
30	11	0.0123854928654
30	12	0.0109897899463
30	13	0.010772980052
30	14	0.014201695757
30	15	0.014632805606
30	16	0.0138707525172
30	17	0.0194315646133
30	18	0.0155815305836
30	19	0.0119975385213
30	20	0.0150014881492
30	21	0.0140164559301
30	22	0.0114410693919
30	23	0.0131525333881
30	24	0.012873249095
30	25	0.0129634994041
30	26	0.0143482548974
30	27	0.0108731781791
30	28	0.0116414130548
30	29	0.0126359443824
30	30	0.287814811698
30	31	0.016643631742
30	32	0.0156179929032
30	33	0.012249892979
30	34	0.0112579296096
30	35	0.0305773418179
30	36	0.0144416447523
30	37	0.0132626554241
30	38	0.0132723507044
30	39	0.0125482136261
30	40	0.0153159610931
30	41	0.0121774102936
30	42	0.0161221930742
30	43	0.0121023425984
30	44	0.0112725856536
30	45	0.011909941569
30	46	0.0369303074536
30	47	0.0172450883715
30	48	0.017931825993
30	49	0.0117060101956
30	50	0.0137432024735
31	1	0.0137970696233
31	2	0.0113262972495
31	3	0.0126997111667
31	4	0.0480211660829
31	5	0.0115441254968
31	6	0.0294914875413
31	7	0.012078335225
31	8	0.0177498319442
31	9	0.0141905450294
31	10	0.0122072123447
31	11	0.0123479659119
31	12	0.0127360847754
31	13	0.0135235919083
31	14	0.0287642375421
31	15	0.0176772517064
31	16	0.01171990497
31	17	0.0128994138559
31	18	0.0138828653914
31	19	0.0198081482451
31	20	0.0184958436508
31	21	0.0328106762032
31	22	0.0116091596516
31	23	0.0132368131746
31	24	0.0127880640226
31	25	0.017566600022
31	26	0.0109866592521
31	27	0.0130833362288
31	28	0.0147284330121
31	29	0.0134996449203
31	30	0.0175193051154
31	31	0.21480597891
31	32	0.0128454395808
31	33	0.0124339814319
31	34	0.0118896459817
31	35	0.0137419764046
31	36	0.015553438144
31	37	0.0140657571036
31	38	0.0435259552198
31	39	0.0115586751697
31	40	0.0191083078671
31	41	0.0122319668603
31	42	0.0118725083376
31	43	0.0125448440614
31	44	0.0124725209062
31	45	0.0118231160047
31	46	0.0119218439793
31	47	0.0128221471793
31	48	0.0158827111961
31	49	0.0122050279636
31	50	0.013904376435
32	1	0.0154272027596
32	2	0.0114701021304
32	3	0.0129297966601
32	4	0.0129830972985
32	5	0.0125673936003
32	6	0.0151195931245
32	7	0.0131164074496
32	8	0.0180204600835
32	9	0.012923829955
32	10	0.0129339223691
32	11	0.0148027203613
32	12	0.0147796286364
32	13	0.0129714896964
32	14	0.0138927253885
32	15	0.013760465973
32	16	0.0310800695539
32	17	0.0135333676346
32	18	0.0167772369818
32	19	0.0131267162427
32	20	0.0170763734112
32	21	0.0168091962978
32	22	0.0142149829075
32	23	0.0140320116098
32	24	0.0183133776303
32	25	0.0253932133818
32	26	0.0158235095858
32	27	0.0129573133776
32	28	0.0126271247743
32	29	0.0132183799468
32	30	0.0169875165157
32	31	0.0133238954926
32	32	0.213804482799
32	33	0.0119492855538
32	34	0.0118377872611
32	35	0.0191709400558
32	36	0.0302566417417
32	37	0.0133251370552
32	38	0.0171068625649
32	39	0.0136321741943
32	40	0.0147264911364
32	41	0.0177790638045
32	42	0.0143958661985
32	43	0.0132039525736
32	44	0.0304780738691
32	45	0.0154604462586
32	46	0.0217542894618
32	47	0.0157274178983
32	48	0.017349407187
32	49	0.0134881415721
32	50	0.0215604179842
33	1	0.0225775611474
33	2	0.0164152257669
33	3	0.0310377647026
33	4	0.0127221284663
33	5	0.0162458354115
33	6	0.0148315157705
33	7	0.0198827883979
33	8	0.0190342868355
33	9	0.0144648421554
33	10	0.0180787703645
33	11	0.0192511831118
33	12	0.0165917578918
33	13	0.0196538528728
33	14	0.0137933349996
33	15	0.0166277187063
33	16	0.0146903653329
33	17	0.0177462354903
33	18	0.0142474996868
33	19	0.0182216616472
33	20	0.0237357588042
33	21	0.0134634248548
33	22	0.0186349100143
33	23	0.0175872748377
33	24	0.0260922645953
33	25	0.0202923550402
33	26	0.0137366866609
33	27	0.0216758890956
33	28	0.0143420456257
33	29	0.0251735855208
33	30	0.0137807190045
33	31	0.0132047299108
33	32	0.0122396303263
33	33	0.154772762979
33	34	0.0178483621543
33	35	0.0142822768644
33	36	0.0174637186477
33	37	0.0199924117567
33	38	0.0136818590832
33	39	0.027881605924
33	40	0.0130355969237
33	41	0.0154451707118
33	42	0.0133691628365
33	43	0.0169508952341
33	44	0.0135794509884
33	45	0.0147580364342
33	46	0.0155293059358
33	47	0.0194557153169
33	48	0.012957372142
33	49	0.0149679982992
33	50	0.0139546947192
34	1	0.0173104637285
34	2	0.0196926619694
34	3	0.0140984392393
34	4	0.013668910713
34	5	0.0154928452404
34	6	0.0137813577068
34	7	0.0133192596773
34	8	0.0142685181375
34	9	0.0145124588089
34	10	0.0127399705911
34	11	0.0165008905821
34	12	0.0163385786673
34	13	0.0163781997761
34	14	0.0159989703214
34	15	0.0146006684618
34	16	0.0165187579398
34	17	0.0119275744665
34	18	0.0143369218443
34	19	0.0153742841591
34	20	0.0144820571264
34	21	0.0116435150471
34	22	0.0153099269852
34	23	0.0170021319469
34	24	0.014972412794
34	25	0.0189937098071
34	26	0.0134904147985
34	27	0.013986698751
34	28	0.0154756914567
34	29	0.0145427219939
34	30	0.0121379601842
34	31	0.0121024988278
34	32	0.0116142956021
34	33	0.0172932386057
34	34	0.26907054429
34	35	0.0133518096607
34	36	0.0136686535294
34	37	0.0195545253491
34	38	0.0126203447155
34	39	0.0211509785062
34	40	0.012237339061
34	41	0.0158156302892
34	42	0.0139095401174
34	43	0.0153493056535
34	44	0.01375213413
34	45	0.0148388782964
34	46	0.012249913702
34	47	0.0130150479998
34	48	0.0129074570043
34	49	0.0219360445609
34	50	0.0146648471779
35	1	0.0179538904314
35	2	0.0141859678564
35	3	0.0155686757265
35	4	0.0125219089125
35	5	0.0138402535372
35	6	0.0138008694019
35	7	0.0145787242376
35	8	0.0141927583522
35	9	0.024972838468
35	10	0.0140932546098
35	11	0.015818917412
35	12	0.0136691804113
35	13	0.0145992733998
35	14	0.0153042637844
35	15	0.0174544244996
35	16	0.0155051623226
35	17	0.0131018483709
35	18	0.025724436294
35	19	0.0145288320908
35	20	0.0161907756165
35	21	0.0148713583817
35	22	0.0123984332594
35	23	0.0164897569002
35	24	0.015183341187
35	25	0.0133087665132
35	26	0.013717966081
35	27	0.0161192040847
35	28	0.019903750366
35	29	0.0151747226547
35	30	0.0326373149563
35	31	0.0146891416822
35	32	0.0196711417052
35	33	0.0144619522117
35	34	0.0140301225829
35	35	0.214005271746
35	36	0.0163255235112
35	37	0.0214291961134
35	38	0.0142669936677
35	39	0.0137923982251
35	40	0.0188622772223
35	41	0.016211457298
35	42	0.0157528073053
35	43	0.0155927889734
35	44	0.0150936074968
35	45	0.0145594166446
35	46	0.0145805842516
35	47	0.0152293090771
35	48	0.0146180033351
35	49	0.0158119456365
35	50	0.0136051911944
36	1	0.0284284478358
36	2	0.0152269310023
36	3	0.0143907521512
36	4	0.0142524753083
36	5	0.0156781496315
36	6	0.0142340657465
36	7	0.0187829082213
36	8	0.0161128711571
36	9	0.0192787249064
36	10	0.0157304136024
36	11	0.015941247427
36	12	0.0148467665858
36	13	0.0174203403441
36	14	0.0165333087951
36	15	0.0158739140245
36	16	0.0197365136236
36	17	0.0138109407208
36	18	0.0145985856814
36	19	0.0166582114432
36	20	0.0186462992309
36	21	0.0149882725145
36	22	0.0161113915134
36	23	0.0249372854281
36	24	0.0223173824129
36	25	0.0236881796427
36	26	0.017718016751
36	27	0.0163694396688
36	28	0.0135459724334
36	29	0.0161220713204
36	30	0.0164513228669
36	31	0.0167434609804
36	32	0.0311395135237
36	33	0.0179429022453
36	34	0.0146824669625
36	35	0.0166095728019
36	36	0.149944565599
36	37	0.0152881106319
36	38	0.0144395958876
36	39	0.0153372011431
36	40	0.0155012019607
36	41	0.0200766706255
36	42	0.0157197691615
36	43	0.0213486140647
36	44	0.0170555870176
36	45	0.0150239636486
36	46	0.0234527528926
36	47	0.0152117344826
36	48	0.0157448275624
36	49	0.0152979984828
36	50	0.0150082883342
37	1	0.0187486906944
37	2	0.0163352830566
37	3	0.0214753418897
37	4	0.0127436865967
37	5	0.0212119302254
37	6	0.0139942811801
37	7	0.0212877782312
37	8	0.014879356012
37	9	0.0143152469594
37	10	0.0120785404747
37	11	0.0150035093119
37	12	0.0151872802173
37	13	0.0233175241251
37	14	0.0171174956823
37	15	0.0201363112187
37	16	0.0131523949558
37	17	0.0135273182803
37	18	0.0290676609427
37	19	0.0146092127311
37	20	0.0160860503371
37	21	0.0148200526931
37	22	0.0202200113977
37	23	0.0139505076939
37	24	0.0159222041033
37	25	0.02006595831
37	26	0.0133756653151
37	27	0.025525207028
37	28	0.024794093939
37	29	0.0199652306658
37	30	0.0144019449126
37	31	0.0145080083897
37	32	0.0133001349552
37	33	0.0196488511509
37	34	0.0197547160564
37	35	0.0209092995276
37	36	0.014497251864
37	37	0.180459234588
37	38	0.013599676125
37	39	0.0177989588332
37	40	0.0200786993431
37	41	0.0135935762287
37	42	0.0121334941676
37	43	0.018897615082
37	44	0.013678745088
37	45	0.0134493057156
37	46	0.0130539937271
37	47	0.0133667845
37	48	0.0133761124546
37	49	0.0139568836194
37	50	0.0126228894032
38	1	0.0173226069753
38	2	0.0143539935764
38	3	0.0129402428019
38	4	0.0299680070279
38	5	0.0136266784331
38	6	0.0273895114249
38	7	0.014067813263
38	8	0.0152181989508
38	9	0.0145509440798
38	10	0.0131630471471
38	11	0.0130240715341
38	12	0.0145361868707
38	13	0.0168743019975
38	14	0.0182828099164
38	15	0.0138363409963
38	16	0.0135378078218
38	17	0.0133673682009
38	18	0.0189162557435
38	19	0.016139330939
38	20	0.0145192272899
38	21	0.0164959941186
38	22	0.0138984892311
38	23	0.026908689495
38	24	0.0128212006797
38	25	0.0155334551639
38	26	0.0141130737199
38	27	0.0135587954479
38	28	0.0240330175394
38	29	0.0137387553721
38	30	0.0156972256225
38	31	0.0450357271344
38	32	0.0182789375282
38	33	0.0145494188554
38	34	0.0139998135315
38	35	0.0149745305143
38	36	0.0148505453534
38	37	0.0147822928041
38	38	0.175447976589
38	39	0.0126307813065
38	40	0.018925029589
38	41	0.0146054776624
38	42	0.0129318833795
38	43	0.0178208254175
38	44	0.0147812272318
38	45	0.0144207818099
38	46	0.0218747787778
38	47	0.0132972842503
38	48	0.0132203751508
38	49	0.0131071114915
38	50	0.028031760242
39	1	0.0167186208172
39	2	0.0248652219552
39	3	0.0152362237366
39	4	0.0134156934938
39	5	0.0306143425628
39	6	0.0181599009274
39	7	0.0128254593048
39	8	0.016360872551
39	9	0.0205348445531
39	10	0.0142360779848
39	11	0.0193582249766
39	12	0.0190652598868
39	13	0.0259749322313
39	14	0.0184033139183
39	15	0.0135965983146
39	16	0.0221168986228
39	17	0.0126814480718
39	18	0.0128702988078
39	19	0.0136298079339
39	20	0.0167629310835
39	21	0.0116799980203
39	22	0.0184581551602
39	23	0.0185365306963
39	24	0.0158765085708
39	25	0.0126802778579
39	26	0.0172563365453
39	27	0.0181255145344
39	28	0.0187454720055
39	29	0.0145465946258
39	30	0.0134890093657
39	31	0.011752903471
39	32	0.0133787295563
39	33	0.0273263504053
39	34	0.0211258449305
39	35	0.0130833666857
39	36	0.0142949006057
39	37	0.0175529429311
39	38	0.0112171420169
39	39	0.185951139593
39	40	0.0111363079531
39	41	0.0131400795867
39	42	0.0120519002655
39	43	0.0188547030351
39	44	0.0178854745124
39	45	0.0296159942777
39	46	0.0135045335003
39	47	0.0119187858276
39	48	0.0120283068675
39	49	0.0124996447622
39	50	0.0148595801002
40	1	0.0146289641598
40	2	0.0118575884084
40	3	0.0327438063516
40	4	0.0146193581055
40	5	0.0132008301401
40	6	0.0130711857597
40	7	0.0128550737018
40	8	0.0135347676739
40	9	0.0145653691765
40	10	0.0135051257634
40	11	0.0136367597515
40	12	0.0175470443325
40	13	0.012361377228
40	14	0.0156212114748
40	15	0.0368325875807
40	16	0.0128123832452
40	17	0.0140109673726
40	18	0.0241611430332
40	19	0.0125940530743
40	20	0.0130431918604
40	21	0.0332847824804
40	22	0.0122923852997
40	23	0.0152572574446
40	24	0.0123225820815
40	25	0.0148124140156
40	26	0.0124171027039
40	27	0.0127112363659
40	28	0.0374643511996
40	29	0.0157103294237
40	30	0.0162839066411
40	31	0.0192260385578
40	32	0.0143893824243
40	33	0.0124487847033
40	34	0.0121722898953
40	35	0.0180211037555
40	36	0.0143961344297
40	37	0.0197918080593
40	38	0.0174131333317
40	39	0.0110972668437
40	40	0.210813500156
40	41	0.0128799355786
40	42	0.0138966484012
40	43	0.0147100589798
40	44	0.0137015675281
40	45	0.0127879102717
40	46	0.0119728911956
40	47	0.013598811501
40	48	0.0177428080529
40	49	0.0166008871486
40	50	0.0125799033355
41	1	0.0154782488741
41	2	0.0158290681875
41	3	0.0175718183972
41	4	0.0131498967065
41	5	0.0168668538708
41	6	0.0139060499469
41	7	0.0173883178576
41	8	0.0195144973537
41	9	0.0241031123401
41	10	0.0177535642152
41	11	0.0176255549264
41	12	0.0141776065671
41	13	0.0147552036764
41	14	0.0134355352232
41	15	0.0141007627453
41	16	0.0239292379552
41	17	0.0152989346052
41	18	0.016554173566
41	19	0.0164121249982
41	20	0.0181808669973
41	21	0.0161992662561
41	22	0.0149537429003
41	23	0.0145935483987
41	24	0.0291330379438
41	25	0.0135276354449
41	26	0.0380644041491
41	27	0.0165460680141
41	28	0.0146621654098
41	29	0.0165982992782
41	30	0.0137299659093
41	31	0.0130041852828
41	32	0.0181154289353
41	33	0.0154684226558
41	34	0.016371466574
41	35	0.0160496320595
41	36	0.0196271244249
41	37	0.0139409655569
41	38	0.0137745994422
41	39	0.0137271449945
41	40	0.0135246978097
41	41	0.162849078989
41	42	0.013513208398
41	43	0.0196633676642
41	44	0.0216186291297
41	45	0.0190597947104
41	46	0.016198263027
41	47	0.0153991225094
41	48	0.0169862573205
41	49	0.0238965241722
41	50	0.01317252363
42	1	0.0138080356771
42	2	0.0321841276299
42	3	0.0123860732939
42	4	0.0111053476954
42	5	0.0116545271774
42	6	0.0110044179697
42	7	0.0122386570397
42	8	0.0119633139726
42	9	0.0116480017768
42	10	0.0385290502224
42	11	0.0131707019342
42	12	0.0117439832309
42	13	0.0116580703164
42	14	0.0119611711863
42	15	0.0125998083278
42	16	0.0131826610539
42	17	0.0159559055513
42	18	0.0149416017172
42	19	0.0113021134869
42	20	0.012361316875
42	21	0.0113051661288
42	22	0.0127417067072
42	23	0.0113320638156
42	24	0.0123287346822
42	25	0.0129110428518
42	26	0.0141333853166
42	27	0.0114357412151
42	28	0.0115490336483
42	29	0.0115736634783
42	30	0.0163965531941
42	31	0.0113654261722
42	32	0.013426062601
42	33	0.012118403294
42	34	0.0132396195383
42	35	0.0143524706173
42	36	0.013972575915
42	37	0.0112613337686
42	38	0.0109275788224
42	39	0.0113549465483
42	40	0.0131878774469
42	41	0.0121988421766
42	42	0.304776097354
42	43	0.0119558243284
42	44	0.0114018764971
42	45	0.0109097746029
42	46	0.015019050533
42	47	0.0249785486532
42	48	0.026316554721
42	49	0.0237854713122
42	50	0.0123456879243
43	1	0.0180292933862
43	2	0.0188272162487
43	3	0.0181672017178
43	4	0.0126362953438
43	5	0.0173213003063
43	6	0.0123363292983
43	7	0.016726396538
43	8	0.0151180964473
43	9	0.0256001683123
43	10	0.0154064678
43	11	0.0210727587521
43	12	0.0132562690572
43	13	0.0162621352761
43	14	0.0152143306873
43	15	0.014288414479
43	16	0.0159894930032
43	17	0.0132181754372
43	18	0.021616919434
43	19	0.0143141313281
43	20	0.0161817201319
43	21	0.0161779925718
43	22	0.017960083634
43	23	0.0230936466165
43	24	0.0222157931393
43	25	0.0157415215369
43	26	0.0208187893565
43	27	0.0195740031886
43	28	0.0182088244494
43	29	0.0238666566899
43	30	0.0134847630689
43	31	0.0131660085611
43	32	0.0133731297893
43	33	0.0168235870691
43	34	0.0157610593384
43	35	0.0152826349115
43	36	0.0207635169543
43	37	0.019111058215
43	38	0.0168101612838
43	39	0.0192715484682
43	40	0.0151996524041
43	41	0.0195122572996
43	42	0.0131049163215
43	43	0.145632966113
43	44	0.0354290575927
43	45	0.0133498462517
43	46	0.0149367539745
43	47	0.0139194763777
43	48	0.0212853829795
43	49	0.0208242234948
43	50	0.013717575364
44	1	0.0227850953516
44	2	0.0131080134198
44	3	0.0135176504623
44	4	0.0137988185818
44	5	0.0151167369659
44	6	0.0135934989351
44	7	0.0226341020892
44	8	0.0182692035109
44	9	0.0315173504768
44	10	0.0147094951864
44	11	0.0176462132089
44	12	0.0143117848442
44	13	0.0168782944969
44	14	0.0151820187633
44	15	0.0143898259477
44	16	0.0135177333431
44	17	0.0128583317036
44	18	0.0151756662994
44	19	0.0163725340793
44	20	0.0143198882931
44	21	0.0348987530756
44	22	0.0194054365393
44	23	0.0186269439993
44	24	0.0164463566175
44	25	0.0135674211646
44	26	0.0219038148748
44	27	0.0157351187185
44	28	0.0186523594851
44	29	0.0165537814907
44	30	0.0128770353393
44	31	0.0133612260205
44	32	0.0309346063269
44	33	0.0137086607962
44	34	0.0144136395843
44	35	0.0150391188403
44	36	0.0167045437527
44	37	0.0141349209705
44	38	0.0140264415484
44	39	0.018555360046
44	40	0.0144727969083
44	41	0.0217187048057
44	42	0.012753472194
44	43	0.0356655931377
44	44	0.159607007148
44	45	0.0154828128099
44	46	0.0131920415411
44	47	0.012611981753
44	48	0.0143466906953
44	49	0.0172537903657
44	50	0.0136473134917
45	1	0.015200636249
45	2	0.0128718913488
45	3	0.0124799059884
45	4	0.0187287851401
45	5	0.0196156630291
45	6	0.0321173868385
45	7	0.0127827670265
45	8	0.0185999973909
45	9	0.0301561478368
45	10	0.0128088605943
45	11	0.0143103066414
45	12	0.0302557390115
45	13	0.0161227738491
45	14	0.0147891149619
45	15	0.0130202247365
45	16	0.0143496699082
45	17	0.0129644209118
45	18	0.012978654245
45	19	0.0217609583289
45	20	0.0167367740194
45	21	0.0126087814305
45	22	0.0135102576843
45	23	0.0162706592636
45	24	0.0152665060439
45	25	0.0132880785423
45	26	0.01792660643
45	27	0.0158912466875
45	28	0.0165829448256
45	29	0.0139427888197
45	30	0.0133027547492
45	31	0.0124657465506
45	32	0.0156275023066
45	33	0.0146168484241
45	34	0.0152445632942
45	35	0.0142388580918
45	36	0.0144034681614
45	37	0.0136306541465
45	38	0.0133891374959
45	39	0.0300414092836
45	40	0.0132455772801
45	41	0.0189004810527
45	42	0.0119653909563
45	43	0.0133373268524
45	44	0.015210240709
45	45	0.192719436579
45	46	0.0140970273967
45	47	0.0145403536592
45	48	0.0131779149942
45	49	0.0121990093691
45	50	0.0357077508642
46	1	0.0120203570284
46	2	0.0152818256649
46	3	0.0130513949392
46	4	0.0134717558147
46	5	0.0134176423697
46	6	0.0133243513246
46	7	0.0131987901501
46	8	0.0127607134627
46	9	0.0122181829764
46	10	0.0196921308614
46	11	0.0120999658159
46	12	0.0118089369886
46	13	0.0125433913043
46	14	0.0131660570152
46	15	0.0132645782231
46	16	0.0147254782295
46	17	0.0155140868386
46	18	0.0134756325316
46	19	0.0125439775006
46	20	0.0131833218581
46	21	0.0124246314351
46	22	0.0129237611487
46	23	0.013583798486
46	24	0.0161684185177
46	25	0.0125828063775
46	26	0.0373097893513
46	27	0.0126433841062
46	28	0.0126238953777
46	29	0.0153498161953
46	30	0.0385611040104
46	31	0.0125189865103
46	32	0.0219100972847
46	33	0.0153637559403
46	34	0.0125988497809
46	35	0.0142257161378
46	36	0.0228096389403
46	37	0.0132017517805
46	38	0.0208245961038
46	39	0.0138952310043
46	40	0.0124078840675
46	41	0.0160053750754
46	42	0.0162238955442
46	43	0.0148955330051
46	44	0.0128878192194
46	45	0.0140668611368
46	46	0.228905404957
46	47	0.025955303263
46	48	0.015009014706
46	49	0.0132348392454
46	50	0.0281254703942
47	1	0.0218251040865
47	2	0.0171899715482
47	3	0.0163131767763
47	4	0.0130059546502
47	5	0.0136001055722
47	6	0.0126826361266
47	7	0.0190417829303
47	8	0.0147177728597
47	9	0.0125571543685
47	10	0.0177176495971
47	11	0.0161730748136
47	12	0.0121550097952
47	13	0.0125737003328
47	14	0.0130969753375
47	15	0.014042694146
47	16	0.0137834666078
47	17	0.0216785605481
47	18	0.0143798968471
47	19	0.0138028414754
47	20	0.0145214021143
47	21	0.0125785584602
47	22	0.0148304442984
47	23	0.012313364967
47	24	0.0146789748307
47	25	0.0147814416159
47	26	0.0181655181719
47	27	0.0141594913578
47	28	0.0144272323194
47	29	0.0152689009667
47	30	0.019053586033
47	31	0.0137762227264
47	32	0.0162387784783
47	33	0.0196804703149
47	34	0.013699346784
47	35	0.0152536426598
47	36	0.014947228856
47	37	0.0138735566593
47	38	0.0126351796141
47	39	0.0126599125028
47	40	0.0144220951826
47	41	0.0155848405482
47	42	0.0267538427351
47	43	0.0142504431704
47	44	0.0126787106388
47	45	0.0148854516227
47	46	0.0263733816845
47	47	0.226225276054
47	48	0.0282298961776
47	49	0.0190575811422
47	50	0.0136576988934
48	1	0.0149450939252
48	2	0.0139102512931
48	3	0.0165290523312
48	4	0.015026445275
48	5	0.0141024696495
48	6	0.0129544524523
48	7	0.0138999584883
48	8	0.0173279374335
48	9	0.0153856395265
48	10	0.0142462613033
48	11	0.0191792291942
48	12	0.0147922015977
48	13	0.0148750263114
48	14	0.0154944447389
48	15	0.0168738320691
48	16	0.0135179344541
48	17	0.017535909932
48	18	0.0208682992392
48	19	0.0135772402059
48	20	0.0194309911869
48	21	0.0154255366257
48	22	0.0144821413054
48	23	0.0151270765876
48	24	0.01535899648
48	25	0.0240964621777
48	26	0.0134866665875
48	27	0.0143900025472
48	28	0.0142014706772
48	29	0.017405663677
48	30	0.0197529776651
48	31	0.0168161257156
48	32	0.017804539269
48	33	0.0130869624712
48	34	0.0135168638026
48	35	0.0145719329602
48	36	0.0154082080715
48	37	0.0138187239552
48	38	0.0124823726622
48	39	0.0126759696781
48	40	0.0185447826782
48	41	0.0171008738474
48	42	0.0280448616702
48	43	0.0215568227112
48	44	0.0143525278281
48	45	0.0134512334129
48	46	0.0153287904926
48	47	0.0281359852338
48	48	0.204419366905
48	49	0.0178711494992
48	50	0.0128122421977
49	1	0.0207797123587
49	2	0.0249674653245
49	3	0.0157895877996
49	4	0.0123976842143
49	5	0.0199118635211
49	6	0.012211979169
49	7	0.0206654743811
49	8	0.0158704789618
49	9	0.015311130077
49	10	0.025902057744
49	11	0.02767640457
49	12	0.0129676139155
49	13	0.0125336614157
49	14	0.0119333294226
49	15	0.0164735919236
49	16	0.014169327696
49	17	0.0380233154534
49	18	0.0193165725151
49	19	0.0130787748979
49	20	0.0159481580406
49	21	0.0170680707997
49	22	0.0172531858602
49	23	0.0135240810982
49	24	0.0171082022889
49	25	0.0138218323533
49	26	0.017435660661
49	27	0.0186660984495
49	28	0.013864991194
49	29	0.0159393045481
49	30	0.013341662015
49	31	0.0130454018062
49	32	0.0138854506345
49	33	0.0150839540803
49	34	0.0225675270142
49	35	0.015744396222
49	36	0.0149546241842
49	37	0.0143802157765
49	38	0.0123732606976
49	39	0.0131490027558
49	40	0.0173692800865
49	41	0.024005127598
49	42	0.0255033933972
49	43	0.0210797700671
49	44	0.0172473364084
49	45	0.0124422876587
49	46	0.0135132578161
49	47	0.018958544762
49	48	0.0178501775715
49	49	0.160966377588
49	50	0.0119293412059
50	1	0.015277426887
50	2	0.0161769508823
50	3	0.0128424771951
50	4	0.0172123539902
50	5	0.0149266872583
50	6	0.0193831729288
50	7	0.0124876606656
50	8	0.0173478677867
50	9	0.0140201017748
50	10	0.013372861244
50	11	0.0124726438053
50	12	0.0269186824101
50	13	0.0147739081218
50	14	0.0178414465639
50	15	0.0124259976689
50	16	0.0168769321165
50	17	0.0132004963576
50	18	0.0133437807663
50	19	0.0433463871418
50	20	0.0132861371372
50	21	0.0113371554823
50	22	0.0131645521195
50	23	0.0140781852397
50	24	0.0202330238875
50	25	0.0123146911928
50	26	0.0175794608286
50	27	0.0124819824092
50	28	0.0146285151681
50	29	0.0125032211773
50	30	0.0151109837682
50	31	0.0143856655549
50	32	0.0215959269969
50	33	0.0136647830579
50	34	0.0149112187351
50	35	0.0131295124657
50	36	0.0142163365474
50	37	0.0126536361787
50	38	0.026825762228
50	39	0.0151386441896
50	40	0.0128946438096
50	41	0.0128633638058
50	42	0.0133245036421
50	43	0.0135588824466
50	44	0.0132226591754
50	45	0.0355689931779
50	46	0.0280144122327
50	47	0.013162800044
50	48	0.0123895158661
50	49	0.0115429336107
50	50	0.205970062259
