59.100 ( 0.700 ) 59.100 ( 0.700 ) 71.871 ( 0.839 ) 106.950 ( 6.697 )
58.800 ( 0.812 ) 59.100 ( 0.768 ) 72.390 ( 0.944 ) 105.350 ( 4.902 )
58.700 ( 0.714 ) 59.300 ( 0.458 ) 72.788 ( 1.292 ) 110.950 ( 7.256 )
58.450 ( 0.805 ) 58.950 ( 0.740 ) 72.755 ( 0.997 ) 106.500 ( 6.012 )
58.350 ( 0.853 ) 59.000 ( 0.632 ) 72.504 ( 1.051 ) 106.000 ( 6.325 )
58.150 ( 1.108 ) 59.000 ( 1.000 ) 73.102 ( 0.941 ) 105.900 ( 6.324 )
58.150 ( 1.108 ) 59.350 ( 0.477 ) 72.967 ( 0.735 ) 107.950 ( 8.806 )
58.050 ( 1.203 ) 59.050 ( 0.865 ) 73.275 ( 1.114 ) 106.500 ( 5.861 )
57.800 ( 1.327 ) 59.150 ( 1.108 ) 73.602 ( 1.036 ) 107.750 ( 8.419 )
57.550 ( 1.431 ) 58.750 ( 1.135 ) 72.847 ( 1.321 ) 107.650 ( 6.695 )
57.550 ( 1.431 ) 59.400 ( 0.490 ) 73.342 ( 1.249 ) 107.250 ( 6.927 )
57.500 ( 1.396 ) 59.100 ( 0.436 ) 73.411 ( 1.422 ) 106.750 ( 8.694 )
57.500 ( 1.396 ) 59.450 ( 0.497 ) 73.527 ( 1.151 ) 109.650 ( 9.499 )
57.500 ( 1.396 ) 59.100 ( 0.436 ) 72.893 ( 1.231 ) 105.150 ( 5.561 )
57.250 ( 1.337 ) 59.150 ( 1.014 ) 73.339 ( 0.880 ) 109.750 ( 7.105 )
57.250 ( 1.337 ) 59.300 ( 0.458 ) 73.090 ( 1.111 ) 105.900 ( 5.440 )
57.150 ( 1.276 ) 59.200 ( 0.748 ) 72.953 ( 0.892 ) 105.250 ( 6.970 )
57.050 ( 1.359 ) 59.100 ( 1.044 ) 73.379 ( 1.037 ) 108.050 ( 8.669 )
57.050 ( 1.359 ) 59.250 ( 0.536 ) 73.503 ( 1.076 ) 106.650 ( 5.833 )
56.950 ( 1.284 ) 59.250 ( 0.766 ) 73.572 ( 0.850 ) 108.950 ( 8.231 )
56.950 ( 1.284 ) 59.350 ( 0.572 ) 73.482 ( 1.134 ) 108.800 ( 6.218 )
56.950 ( 1.284 ) 59.300 ( 0.557 ) 73.616 ( 1.116 ) 109.850 ( 6.959 )
56.850 ( 1.352 ) 59.100 ( 1.044 ) 72.728 ( 0.887 ) 104.800 ( 6.447 )
56.850 ( 1.352 ) 59.500 ( 0.500 ) 73.346 ( 1.043 ) 109.200 ( 6.801 )
56.800 ( 1.327 ) 59.150 ( 0.654 ) 72.792 ( 1.121 ) 107.900 ( 8.746 )
56.650 ( 1.236 ) 59.100 ( 0.831 ) 73.481 ( 1.048 ) 107.850 ( 7.227 )
56.650 ( 1.236 ) 59.000 ( 0.632 ) 73.677 ( 0.811 ) 109.100 ( 5.476 )
56.550 ( 1.284 ) 59.150 ( 1.062 ) 73.465 ( 1.495 ) 106.050 ( 8.022 )
56.550 ( 1.284 ) 59.400 ( 0.735 ) 73.442 ( 0.825 ) 108.200 ( 6.653 )
56.550 ( 1.284 ) 59.200 ( 0.400 ) 73.447 ( 0.827 ) 108.450 ( 6.727 )
56.550 ( 1.284 ) 59.250 ( 0.536 ) 73.377 ( 1.119 ) 108.500 ( 8.969 )
56.550 ( 1.284 ) 59.100 ( 0.436 ) 73.141 ( 1.105 ) 107.950 ( 6.484 )
56.550 ( 1.284 ) 58.900 ( 0.995 ) 73.502 ( 1.141 ) 109.050 ( 6.446 )
56.550 ( 1.284 ) 59.200 ( 0.510 ) 72.517 ( 1.249 ) 107.850 ( 7.532 )
56.550 ( 1.284 ) 59.300 ( 0.557 ) 73.859 ( 0.975 ) 108.200 ( 5.026 )
56.550 ( 1.284 ) 59.300 ( 0.714 ) 72.869 ( 1.108 ) 105.500 ( 8.237 )
56.550 ( 1.284 ) 59.400 ( 0.490 ) 73.432 ( 0.995 ) 108.850 ( 9.388 )
56.550 ( 1.284 ) 59.400 ( 0.490 ) 73.005 ( 1.200 ) 107.700 ( 8.319 )
56.550 ( 1.284 ) 59.150 ( 0.477 ) 73.438 ( 1.033 ) 109.300 ( 7.662 )
56.550 ( 1.284 ) 59.300 ( 0.557 ) 73.236 ( 1.441 ) 106.850 ( 5.023 )
56.550 ( 1.284 ) 59.250 ( 0.536 ) 73.176 ( 1.083 ) 105.650 ( 6.537 )
56.550 ( 1.284 ) 59.200 ( 0.510 ) 73.457 ( 0.976 ) 107.400 ( 6.053 )
56.550 ( 1.284 ) 59.450 ( 0.497 ) 73.073 ( 0.866 ) 107.150 ( 5.842 )
56.550 ( 1.284 ) 59.150 ( 0.726 ) 72.797 ( 0.997 ) 107.850 ( 4.640 )
56.550 ( 1.284 ) 59.250 ( 0.766 ) 73.435 ( 1.027 ) 110.900 ( 6.804 )
56.500 ( 1.204 ) 59.100 ( 0.539 ) 73.052 ( 1.138 ) 108.000 ( 6.723 )
56.400 ( 1.068 ) 58.850 ( 0.910 ) 72.941 ( 1.388 ) 108.300 ( 6.790 )
56.400 ( 1.068 ) 59.250 ( 0.766 ) 73.917 ( 1.648 ) 106.100 ( 6.693 )
56.400 ( 1.068 ) 59.250 ( 0.536 ) 73.631 ( 1.096 ) 108.800 ( 7.004 )
56.400 ( 1.068 ) 59.200 ( 0.400 ) 73.376 ( 0.823 ) 109.350 ( 6.575 )
56.400 ( 1.068 ) 59.300 ( 0.458 ) 73.232 ( 1.040 ) 107.750 ( 5.966 )
56.400 ( 1.068 ) 59.400 ( 0.583 ) 73.605 ( 1.265 ) 106.600 ( 6.553 )
56.400 ( 1.068 ) 59.150 ( 0.572 ) 73.399 ( 0.915 ) 107.000 ( 6.671 )
56.300 ( 1.005 ) 59.000 ( 0.949 ) 73.569 ( 0.939 ) 107.900 ( 7.790 )
56.300 ( 1.005 ) 59.250 ( 0.536 ) 73.187 ( 0.835 ) 106.400 ( 6.545 )
56.300 ( 1.005 ) 59.400 ( 0.583 ) 73.299 ( 1.080 ) 106.250 ( 5.923 )
56.300 ( 1.005 ) 59.250 ( 0.536 ) 72.772 ( 0.848 ) 108.400 ( 5.490 )
56.300 ( 1.005 ) 59.450 ( 0.497 ) 73.172 ( 1.175 ) 110.050 ( 9.754 )
56.300 ( 1.005 ) 59.100 ( 1.044 ) 73.356 ( 1.399 ) 108.700 ( 6.349 )
56.300 ( 1.005 ) 59.150 ( 0.477 ) 73.069 ( 1.190 ) 106.200 ( 6.120 )
56.300 ( 1.005 ) 59.400 ( 0.490 ) 72.766 ( 1.094 ) 107.450 ( 7.560 )
56.300 ( 1.005 ) 59.100 ( 0.436 ) 73.586 ( 0.971 ) 107.000 ( 6.618 )
56.300 ( 1.005 ) 59.200 ( 0.748 ) 73.503 ( 1.147 ) 107.350 ( 6.279 )
56.300 ( 1.005 ) 59.000 ( 0.316 ) 73.328 ( 0.752 ) 106.450 ( 5.436 )
56.300 ( 1.005 ) 59.200 ( 0.400 ) 73.357 ( 0.992 ) 106.050 ( 6.614 )
56.300 ( 1.005 ) 59.550 ( 0.497 ) 73.870 ( 0.995 ) 108.200 ( 7.187 )
56.300 ( 1.005 ) 59.200 ( 0.510 ) 73.147 ( 1.290 ) 107.150 ( 7.670 )
56.300 ( 1.005 ) 59.050 ( 0.805 ) 73.000 ( 0.615 ) 104.750 ( 6.457 )
56.300 ( 1.005 ) 59.200 ( 0.400 ) 73.518 ( 1.139 ) 108.050 ( 6.910 )
56.300 ( 1.005 ) 59.250 ( 0.536 ) 73.411 ( 1.262 ) 107.950 ( 7.845 )
56.300 ( 1.005 ) 59.350 ( 0.477 ) 73.213 ( 1.220 ) 107.900 ( 7.416 )
56.300 ( 1.005 ) 59.400 ( 0.490 ) 73.529 ( 0.986 ) 108.150 ( 6.077 )
56.300 ( 1.005 ) 59.300 ( 0.458 ) 73.530 ( 1.162 ) 108.400 ( 6.704 )
56.250 ( 0.994 ) 59.150 ( 0.853 ) 73.491 ( 0.713 ) 107.800 ( 6.055 )
56.250 ( 0.994 ) 59.150 ( 0.572 ) 73.172 ( 1.138 ) 107.650 ( 7.624 )
56.250 ( 0.994 ) 59.300 ( 0.458 ) 73.053 ( 1.133 ) 107.050 ( 6.734 )
56.250 ( 0.994 ) 59.250 ( 0.433 ) 73.403 ( 1.236 ) 106.200 ( 5.134 )
56.250 ( 0.994 ) 59.350 ( 0.477 ) 73.024 ( 1.027 ) 106.800 ( 7.494 )
56.250 ( 0.994 ) 59.400 ( 0.490 ) 73.467 ( 0.896 ) 109.400 ( 7.671 )
56.250 ( 0.994 ) 59.200 ( 0.400 ) 73.352 ( 1.242 ) 105.900 ( 6.693 )
56.250 ( 0.994 ) 59.300 ( 0.458 ) 73.339 ( 1.288 ) 107.350 ( 7.009 )
56.150 ( 1.014 ) 59.150 ( 1.062 ) 73.378 ( 1.496 ) 107.700 ( 7.198 )
56.150 ( 1.014 ) 59.100 ( 0.624 ) 73.547 ( 1.239 ) 108.050 ( 7.392 )
56.150 ( 1.014 ) 59.150 ( 0.477 ) 73.080 ( 0.787 ) 105.350 ( 6.142 )
56.150 ( 1.014 ) 59.300 ( 0.714 ) 73.385 ( 0.925 ) 106.100 ( 5.856 )
56.150 ( 1.014 ) 59.350 ( 0.572 ) 73.048 ( 0.809 ) 106.100 ( 5.674 )
56.050 ( 1.023 ) 59.000 ( 1.000 ) 73.493 ( 1.055 ) 109.050 ( 5.408 )
56.050 ( 1.023 ) 59.150 ( 0.654 ) 72.463 ( 1.085 ) 108.200 ( 8.489 )
56.050 ( 1.023 ) 59.150 ( 0.477 ) 73.341 ( 1.121 ) 109.950 ( 7.473 )
56.050 ( 1.023 ) 59.150 ( 0.357 ) 72.876 ( 0.926 ) 106.850 ( 7.016 )
56.050 ( 1.023 ) 59.550 ( 0.497 ) 73.203 ( 1.016 ) 107.300 ( 6.278 )
56.050 ( 1.023 ) 59.200 ( 0.872 ) 73.552 ( 0.979 ) 109.250 ( 5.647 )
56.050 ( 1.023 ) 59.100 ( 0.539 ) 73.728 ( 1.081 ) 108.300 ( 8.253 )
55.950 ( 1.023 ) 59.100 ( 1.091 ) 73.564 ( 1.163 ) 109.100 ( 6.488 )
55.950 ( 1.023 ) 59.100 ( 0.700 ) 73.370 ( 1.176 ) 104.400 ( 5.361 )
55.950 ( 1.023 ) 59.150 ( 0.357 ) 72.822 ( 0.966 ) 106.350 ( 6.110 )
55.950 ( 1.023 ) 59.400 ( 0.490 ) 73.466 ( 1.184 ) 108.650 ( 7.303 )
55.950 ( 1.023 ) 59.100 ( 0.300 ) 73.153 ( 0.814 ) 106.500 ( 6.454 )
55.950 ( 1.023 ) 59.200 ( 0.400 ) 73.078 ( 0.817 ) 107.650 ( 6.643 )
55.950 ( 1.023 ) 59.300 ( 0.458 ) 73.143 ( 1.066 ) 105.900 ( 5.495 )
55.950 ( 1.023 ) 59.050 ( 0.589 ) 73.410 ( 1.198 ) 108.450 ( 6.305 )
55.950 ( 1.023 ) 59.050 ( 0.805 ) 73.614 ( 1.004 ) 109.400 ( 6.351 )
55.950 ( 1.023 ) 59.050 ( 0.669 ) 73.454 ( 0.816 ) 108.050 ( 6.257 )
55.950 ( 1.023 ) 59.200 ( 0.400 ) 72.902 ( 0.762 ) 106.300 ( 7.029 )
55.950 ( 1.023 ) 59.200 ( 0.400 ) 72.934 ( 1.187 ) 105.950 ( 7.934 )
55.950 ( 1.023 ) 59.350 ( 0.477 ) 72.900 ( 1.030 ) 107.150 ( 5.935 )
55.950 ( 1.023 ) 59.300 ( 0.557 ) 73.335 ( 1.196 ) 108.650 ( 7.964 )
55.950 ( 1.023 ) 59.350 ( 0.477 ) 73.436 ( 1.072 ) 106.200 ( 8.171 )
55.950 ( 1.023 ) 59.100 ( 0.300 ) 73.880 ( 1.159 ) 109.850 ( 8.224 )
55.950 ( 1.023 ) 59.350 ( 0.477 ) 73.306 ( 0.776 ) 106.900 ( 5.157 )
55.950 ( 1.023 ) 59.250 ( 0.433 ) 73.417 ( 1.156 ) 107.150 ( 5.561 )
55.950 ( 1.023 ) 59.100 ( 0.700 ) 73.023 ( 1.267 ) 105.850 ( 6.733 )
55.950 ( 1.023 ) 59.350 ( 0.477 ) 73.604 ( 1.245 ) 108.600 ( 6.981 )
55.950 ( 1.023 ) 59.150 ( 0.477 ) 74.056 ( 1.046 ) 109.300 ( 5.900 )
55.950 ( 1.023 ) 59.150 ( 0.357 ) 73.288 ( 0.845 ) 106.450 ( 8.476 )
55.900 ( 1.044 ) 58.950 ( 0.973 ) 73.680 ( 1.132 ) 109.150 ( 7.907 )
55.900 ( 1.044 ) 59.000 ( 0.447 ) 73.558 ( 1.028 ) 108.450 ( 8.470 )
55.900 ( 1.044 ) 59.300 ( 0.458 ) 73.691 ( 1.242 ) 110.300 ( 7.107 )
55.900 ( 1.044 ) 59.000 ( 1.049 ) 72.866 ( 1.058 ) 107.400 ( 6.800 )
55.900 ( 1.044 ) 59.100 ( 0.436 ) 73.076 ( 0.806 ) 108.700 ( 7.356 )
55.900 ( 1.044 ) 59.200 ( 0.400 ) 73.400 ( 1.078 ) 109.750 ( 7.354 )
55.900 ( 1.044 ) 59.250 ( 0.433 ) 72.798 ( 1.102 ) 106.550 ( 6.815 )
55.900 ( 1.044 ) 59.300 ( 0.557 ) 72.921 ( 0.784 ) 106.000 ( 7.842 )
55.900 ( 1.044 ) 59.250 ( 0.433 ) 72.962 ( 0.926 ) 111.750 ( 7.687 )
55.900 ( 1.044 ) 59.050 ( 0.865 ) 73.112 ( 0.934 ) 109.900 ( 7.641 )
55.900 ( 1.044 ) 59.150 ( 0.853 ) 73.486 ( 1.055 ) 109.000 ( 7.517 )
55.900 ( 1.044 ) 59.300 ( 0.557 ) 73.380 ( 0.964 ) 107.000 ( 7.688 )
55.900 ( 1.044 ) 59.300 ( 0.557 ) 73.594 ( 1.303 ) 107.800 ( 6.675 )
55.900 ( 1.044 ) 59.350 ( 0.477 ) 73.271 ( 1.475 ) 106.100 ( 6.862 )
55.900 ( 1.044 ) 59.050 ( 0.669 ) 73.136 ( 1.056 ) 114.200 ( 8.352 )
55.900 ( 1.044 ) 59.250 ( 0.433 ) 73.153 ( 1.098 ) 106.550 ( 5.296 )
55.900 ( 1.044 ) 59.250 ( 0.433 ) 73.214 ( 1.256 ) 105.750 ( 7.777 )
55.900 ( 1.044 ) 59.450 ( 0.589 ) 73.401 ( 1.217 ) 106.450 ( 5.563 )
55.900 ( 1.044 ) 59.250 ( 0.536 ) 73.498 ( 0.982 ) 108.500 ( 6.667 )
55.900 ( 1.044 ) 59.250 ( 0.433 ) 73.209 ( 0.883 ) 107.800 ( 6.690 )
55.900 ( 1.044 ) 59.200 ( 0.510 ) 73.409 ( 0.972 ) 108.650 ( 6.937 )
55.900 ( 1.044 ) 58.800 ( 1.166 ) 73.860 ( 0.920 ) 107.150 ( 5.695 )
55.900 ( 1.044 ) 59.350 ( 0.477 ) 73.328 ( 1.022 ) 106.500 ( 7.249 )
55.900 ( 1.044 ) 59.300 ( 0.557 ) 73.154 ( 0.972 ) 109.650 ( 7.458 )
55.900 ( 1.044 ) 59.200 ( 0.400 ) 73.261 ( 1.169 ) 108.650 ( 9.388 )
55.900 ( 1.044 ) 59.000 ( 1.000 ) 73.198 ( 1.098 ) 107.800 ( 7.427 )
55.900 ( 1.044 ) 59.250 ( 0.433 ) 73.489 ( 1.061 ) 107.900 ( 7.713 )
55.750 ( 0.942 ) 58.850 ( 0.963 ) 73.424 ( 0.928 ) 109.050 ( 7.807 )
55.750 ( 0.942 ) 59.250 ( 0.536 ) 73.290 ( 0.882 ) 108.100 ( 6.906 )
55.750 ( 0.942 ) 58.950 ( 0.589 ) 73.320 ( 1.138 ) 108.350 ( 7.452 )
55.750 ( 0.942 ) 59.350 ( 0.572 ) 73.037 ( 0.975 ) 109.250 ( 6.898 )
55.750 ( 0.942 ) 59.100 ( 0.300 ) 73.496 ( 0.498 ) 109.300 ( 8.161 )
55.750 ( 0.942 ) 59.350 ( 0.726 ) 73.552 ( 1.139 ) 111.100 ( 7.981 )
55.750 ( 0.942 ) 59.100 ( 0.700 ) 73.281 ( 0.930 ) 108.150 ( 6.295 )
55.750 ( 0.942 ) 58.800 ( 1.166 ) 72.943 ( 1.693 ) 105.500 ( 7.187 )
55.750 ( 0.942 ) 59.300 ( 1.100 ) 73.581 ( 1.248 ) 108.600 ( 7.392 )
55.750 ( 0.942 ) 59.350 ( 0.654 ) 73.694 ( 0.826 ) 110.200 ( 6.787 )
55.750 ( 0.942 ) 59.350 ( 0.477 ) 73.518 ( 1.278 ) 107.700 ( 5.533 )
55.750 ( 0.942 ) 59.150 ( 0.357 ) 73.148 ( 1.015 ) 105.650 ( 6.215 )
55.750 ( 0.942 ) 59.300 ( 0.458 ) 73.430 ( 1.236 ) 107.600 ( 5.122 )
55.750 ( 0.942 ) 59.150 ( 0.477 ) 72.765 ( 1.014 ) 110.450 ( 9.367 )
55.750 ( 0.942 ) 59.450 ( 0.497 ) 73.282 ( 1.108 ) 106.850 ( 6.060 )
55.750 ( 0.942 ) 59.300 ( 0.458 ) 73.556 ( 0.916 ) 107.350 ( 6.287 )
55.750 ( 0.942 ) 59.150 ( 0.572 ) 73.008 ( 1.176 ) 107.100 ( 5.585 )
55.750 ( 0.942 ) 59.200 ( 0.400 ) 73.722 ( 1.192 ) 108.650 ( 8.014 )
55.750 ( 0.942 ) 59.200 ( 0.400 ) 73.586 ( 0.945 ) 108.600 ( 7.977 )
55.750 ( 0.942 ) 59.350 ( 0.477 ) 73.445 ( 1.054 ) 104.550 ( 5.652 )
55.750 ( 0.942 ) 59.150 ( 0.477 ) 72.992 ( 1.124 ) 105.400 ( 6.176 )
55.750 ( 0.942 ) 59.400 ( 0.735 ) 73.287 ( 1.267 ) 107.900 ( 8.590 )
55.750 ( 0.942 ) 59.350 ( 0.572 ) 73.633 ( 0.994 ) 109.550 ( 7.540 )
55.750 ( 0.942 ) 59.250 ( 0.433 ) 73.441 ( 1.117 ) 108.450 ( 8.200 )
55.750 ( 0.942 ) 59.300 ( 0.458 ) 73.578 ( 1.009 ) 107.100 ( 7.803 )
55.750 ( 0.942 ) 59.250 ( 0.536 ) 73.401 ( 1.045 ) 108.000 ( 6.678 )
55.650 ( 0.910 ) 59.100 ( 1.044 ) 73.907 ( 1.065 ) 107.000 ( 5.788 )
55.650 ( 0.910 ) 59.150 ( 0.357 ) 73.261 ( 0.940 ) 108.250 ( 7.449 )
55.650 ( 0.910 ) 59.200 ( 0.510 ) 73.229 ( 0.753 ) 110.000 ( 6.964 )
55.650 ( 0.910 ) 59.000 ( 1.140 ) 73.390 ( 0.860 ) 108.250 ( 6.316 )
55.650 ( 0.910 ) 59.300 ( 0.458 ) 73.355 ( 1.380 ) 110.600 ( 7.612 )
55.650 ( 0.910 ) 59.350 ( 0.477 ) 73.297 ( 0.995 ) 107.850 ( 7.438 )
55.650 ( 0.910 ) 58.900 ( 0.943 ) 73.094 ( 0.974 ) 106.250 ( 7.529 )
55.650 ( 0.910 ) 59.300 ( 0.640 ) 72.898 ( 1.310 ) 104.750 ( 5.108 )
55.650 ( 0.910 ) 59.300 ( 0.458 ) 73.216 ( 0.881 ) 109.150 ( 6.836 )
55.650 ( 0.910 ) 59.150 ( 0.357 ) 73.511 ( 0.995 ) 109.200 ( 7.104 )
55.650 ( 0.910 ) 59.150 ( 0.357 ) 73.729 ( 1.086 ) 108.350 ( 6.966 )
55.650 ( 0.910 ) 59.200 ( 0.678 ) 73.516 ( 1.315 ) 107.750 ( 6.316 )
55.650 ( 0.910 ) 59.150 ( 0.654 ) 73.197 ( 1.094 ) 109.600 ( 5.774 )
55.650 ( 0.910 ) 59.200 ( 0.678 ) 73.347 ( 0.848 ) 108.300 ( 5.984 )
55.650 ( 0.910 ) 59.200 ( 0.812 ) 73.435 ( 0.674 ) 108.400 ( 8.363 )
55.650 ( 0.910 ) 59.250 ( 0.433 ) 73.530 ( 1.031 ) 110.450 ( 6.629 )
55.650 ( 0.910 ) 59.200 ( 0.400 ) 73.870 ( 1.274 ) 109.000 ( 6.892 )
55.650 ( 0.910 ) 59.250 ( 0.536 ) 73.456 ( 1.013 ) 108.250 ( 7.949 )
55.650 ( 0.910 ) 59.200 ( 1.122 ) 73.523 ( 0.962 ) 110.900 ( 7.867 )
55.650 ( 0.910 ) 59.250 ( 0.433 ) 73.478 ( 1.099 ) 108.350 ( 7.552 )
55.650 ( 0.910 ) 59.400 ( 0.490 ) 73.186 ( 1.218 ) 108.250 ( 7.615 )
55.650 ( 0.910 ) 59.350 ( 0.477 ) 73.773 ( 1.204 ) 109.650 ( 6.680 )
55.650 ( 0.910 ) 59.300 ( 0.458 ) 73.357 ( 1.018 ) 107.400 ( 6.484 )
55.650 ( 0.910 ) 59.450 ( 0.497 ) 73.534 ( 1.250 ) 108.800 ( 7.061 )
55.650 ( 0.910 ) 59.300 ( 0.557 ) 73.184 ( 1.120 ) 108.250 ( 5.656 )
55.650 ( 0.910 ) 59.400 ( 0.490 ) 73.620 ( 1.092 ) 108.050 ( 7.934 )
55.650 ( 0.910 ) 59.350 ( 0.477 ) 73.110 ( 0.998 ) 106.800 ( 5.492 )
55.650 ( 0.910 ) 59.350 ( 0.477 ) 73.302 ( 1.034 ) 107.500 ( 8.096 )
55.650 ( 0.910 ) 59.150 ( 0.726 ) 73.347 ( 1.337 ) 109.150 ( 5.867 )
55.600 ( 0.800 ) 59.000 ( 0.548 ) 73.117 ( 0.962 ) 107.700 ( 7.887 )
55.600 ( 0.800 ) 59.200 ( 0.400 ) 73.138 ( 0.964 ) 107.850 ( 6.150 )
55.600 ( 0.800 ) 59.200 ( 0.400 ) 73.413 ( 1.115 ) 110.400 ( 6.644 )
55.600 ( 0.800 ) 59.050 ( 0.589 ) 73.174 ( 0.912 ) 106.650 ( 6.673 )
55.550 ( 0.740 ) 58.900 ( 0.889 ) 73.248 ( 1.091 ) 107.200 ( 5.697 )
55.550 ( 0.740 ) 59.300 ( 0.458 ) 73.244 ( 1.098 ) 108.350 ( 5.703 )
55.550 ( 0.740 ) 59.000 ( 0.632 ) 73.440 ( 0.920 ) 107.800 ( 6.120 )
55.550 ( 0.740 ) 59.100 ( 0.436 ) 73.324 ( 1.054 ) 107.700 ( 6.149 )
55.550 ( 0.740 ) 59.200 ( 0.400 ) 73.616 ( 1.067 ) 108.200 ( 7.903 )
55.550 ( 0.740 ) 59.150 ( 0.357 ) 73.228 ( 1.052 ) 106.950 ( 7.074 )
55.550 ( 0.740 ) 59.400 ( 0.583 ) 73.665 ( 0.975 ) 105.000 ( 5.692 )
55.550 ( 0.740 ) 59.200 ( 0.510 ) 73.182 ( 1.044 ) 106.650 ( 6.002 )
55.550 ( 0.740 ) 59.250 ( 0.698 ) 73.718 ( 1.203 ) 111.750 ( 6.371 )
55.550 ( 0.740 ) 59.100 ( 1.044 ) 73.211 ( 1.072 ) 106.200 ( 5.946 )
55.550 ( 0.740 ) 59.200 ( 0.872 ) 72.859 ( 0.831 ) 109.750 ( 5.375 )
55.550 ( 0.740 ) 59.100 ( 0.624 ) 73.534 ( 0.934 ) 108.800 ( 6.462 )
55.500 ( 0.742 ) 58.950 ( 0.973 ) 73.322 ( 0.847 ) 108.700 ( 6.834 )
55.500 ( 0.742 ) 59.200 ( 0.400 ) 73.208 ( 1.288 ) 106.250 ( 5.337 )
55.500 ( 0.742 ) 59.000 ( 0.632 ) 73.302 ( 1.081 ) 108.000 ( 6.427 )
55.500 ( 0.742 ) 59.200 ( 0.748 ) 73.403 ( 1.082 ) 110.350 ( 8.805 )
55.500 ( 0.742 ) 59.200 ( 0.400 ) 73.245 ( 1.308 ) 110.650 ( 6.643 )
55.500 ( 0.742 ) 59.350 ( 0.477 ) 72.953 ( 1.168 ) 106.850 ( 9.013 )
55.500 ( 0.742 ) 59.450 ( 0.497 ) 73.230 ( 0.853 ) 107.850 ( 7.876 )
55.500 ( 0.742 ) 58.950 ( 1.117 ) 73.114 ( 1.169 ) 110.600 ( 8.052 )
55.500 ( 0.742 ) 59.150 ( 0.477 ) 72.953 ( 1.027 ) 104.900 ( 6.228 )
55.500 ( 0.742 ) 59.200 ( 0.510 ) 73.645 ( 0.840 ) 106.550 ( 4.599 )
55.450 ( 0.740 ) 58.950 ( 1.023 ) 72.816 ( 0.844 ) 108.250 ( 8.636 )
55.450 ( 0.740 ) 59.200 ( 0.600 ) 73.107 ( 1.341 ) 106.050 ( 5.705 )
55.450 ( 0.740 ) 59.100 ( 0.831 ) 73.561 ( 1.041 ) 107.100 ( 7.867 )
55.450 ( 0.740 ) 59.250 ( 0.536 ) 73.356 ( 0.862 ) 108.100 ( 6.610 )
55.450 ( 0.740 ) 59.350 ( 0.477 ) 73.272 ( 0.838 ) 105.800 ( 6.145 )
55.450 ( 0.740 ) 59.400 ( 0.490 ) 73.357 ( 1.022 ) 108.550 ( 6.160 )
55.450 ( 0.740 ) 59.550 ( 0.497 ) 73.417 ( 1.027 ) 108.800 ( 7.979 )
55.450 ( 0.740 ) 59.250 ( 0.433 ) 73.587 ( 1.104 ) 107.850 ( 6.858 )
55.450 ( 0.740 ) 59.100 ( 0.624 ) 73.134 ( 1.031 ) 105.450 ( 6.415 )
55.450 ( 0.740 ) 59.250 ( 0.536 ) 73.141 ( 1.062 ) 108.800 ( 7.737 )
55.450 ( 0.740 ) 59.350 ( 0.477 ) 73.114 ( 1.322 ) 106.700 ( 6.805 )
55.450 ( 0.740 ) 59.200 ( 0.678 ) 73.261 ( 1.133 ) 110.150 ( 9.270 )
55.450 ( 0.740 ) 59.100 ( 0.436 ) 72.904 ( 1.194 ) 108.050 ( 7.263 )
55.450 ( 0.740 ) 59.300 ( 0.557 ) 73.507 ( 1.036 ) 108.650 ( 6.959 )
55.450 ( 0.740 ) 58.950 ( 0.589 ) 73.272 ( 1.091 ) 107.750 ( 7.348 )
55.450 ( 0.740 ) 58.950 ( 0.805 ) 73.377 ( 1.290 ) 107.350 ( 6.247 )
55.450 ( 0.740 ) 59.150 ( 1.062 ) 73.040 ( 1.131 ) 106.950 ( 6.078 )
55.450 ( 0.740 ) 59.100 ( 0.624 ) 73.263 ( 1.161 ) 110.450 ( 6.209 )
55.450 ( 0.740 ) 59.150 ( 0.726 ) 73.090 ( 1.281 ) 108.300 ( 6.907 )
55.450 ( 0.740 ) 59.050 ( 0.384 ) 73.510 ( 1.178 ) 109.400 ( 7.074 )
55.450 ( 0.740 ) 59.150 ( 1.108 ) 73.636 ( 0.811 ) 108.850 ( 5.516 )
55.450 ( 0.740 ) 59.450 ( 0.497 ) 73.511 ( 1.119 ) 107.000 ( 6.863 )
55.450 ( 0.740 ) 59.200 ( 0.510 ) 73.365 ( 0.764 ) 110.000 ( 7.543 )
55.450 ( 0.740 ) 59.200 ( 0.872 ) 73.366 ( 1.235 ) 107.950 ( 8.369 )
55.450 ( 0.740 ) 59.250 ( 0.433 ) 73.508 ( 1.015 ) 108.700 ( 7.649 )
55.450 ( 0.740 ) 59.100 ( 0.300 ) 73.640 ( 1.103 ) 107.650 ( 6.382 )
55.450 ( 0.740 ) 59.200 ( 0.400 ) 73.660 ( 0.724 ) 107.700 ( 7.444 )
55.450 ( 0.740 ) 59.350 ( 0.477 ) 73.606 ( 1.034 ) 108.550 ( 7.593 )
55.450 ( 0.740 ) 59.150 ( 0.477 ) 73.055 ( 1.129 ) 105.300 ( 6.474 )
55.450 ( 0.740 ) 59.400 ( 0.735 ) 73.749 ( 1.027 ) 109.900 ( 8.642 )
55.450 ( 0.740 ) 59.000 ( 0.949 ) 72.772 ( 1.056 ) 109.350 ( 9.707 )
55.450 ( 0.740 ) 59.250 ( 0.698 ) 73.321 ( 1.392 ) 108.000 ( 7.981 )
55.450 ( 0.740 ) 59.000 ( 0.949 ) 73.198 ( 1.244 ) 107.900 ( 7.771 )
55.400 ( 0.663 ) 58.850 ( 0.726 ) 73.359 ( 1.232 ) 106.050 ( 5.878 )
55.400 ( 0.663 ) 59.400 ( 0.490 ) 73.457 ( 1.268 ) 110.100 ( 6.818 )
55.400 ( 0.663 ) 59.200 ( 0.510 ) 73.520 ( 1.117 ) 108.600 ( 6.902 )
55.400 ( 0.663 ) 59.000 ( 0.894 ) 73.171 ( 0.893 ) 106.100 ( 7.661 )
55.400 ( 0.663 ) 59.250 ( 0.698 ) 73.236 ( 0.816 ) 106.400 ( 8.482 )
55.400 ( 0.663 ) 59.100 ( 0.624 ) 73.392 ( 1.087 ) 108.000 ( 8.025 )
55.400 ( 0.663 ) 59.250 ( 0.433 ) 73.657 ( 1.034 ) 110.900 ( 9.321 )
55.400 ( 0.663 ) 59.300 ( 0.458 ) 73.563 ( 0.981 ) 108.400 ( 6.822 )
55.400 ( 0.663 ) 59.450 ( 1.117 ) 73.514 ( 1.081 ) 108.200 ( 8.364 )
55.400 ( 0.663 ) 59.300 ( 0.900 ) 73.263 ( 1.051 ) 107.100 ( 6.441 )
55.400 ( 0.663 ) 59.300 ( 0.458 ) 73.504 ( 1.119 ) 108.700 ( 7.253 )
55.400 ( 0.663 ) 59.250 ( 0.536 ) 73.351 ( 1.226 ) 108.800 ( 6.400 )
55.400 ( 0.663 ) 59.250 ( 0.536 ) 73.196 ( 1.361 ) 106.650 ( 8.499 )
55.400 ( 0.663 ) 59.200 ( 0.510 ) 73.140 ( 1.224 ) 105.950 ( 5.436 )
55.400 ( 0.663 ) 59.050 ( 0.805 ) 72.756 ( 1.143 ) 108.200 ( 5.810 )
55.400 ( 0.663 ) 59.100 ( 1.091 ) 73.756 ( 1.382 ) 111.150 ( 6.327 )
55.400 ( 0.663 ) 59.300 ( 0.458 ) 73.094 ( 1.022 ) 107.000 ( 8.270 )
55.400 ( 0.663 ) 59.250 ( 0.433 ) 73.210 ( 1.062 ) 108.150 ( 6.150 )
55.400 ( 0.663 ) 59.000 ( 1.049 ) 73.756 ( 0.937 ) 107.350 ( 6.506 )
55.400 ( 0.663 ) 59.350 ( 0.572 ) 73.082 ( 0.858 ) 107.600 ( 6.591 )
55.400 ( 0.663 ) 58.950 ( 0.740 ) 73.574 ( 1.065 ) 109.450 ( 7.553 )
55.400 ( 0.663 ) 59.250 ( 0.887 ) 73.480 ( 1.365 ) 106.800 ( 7.507 )
55.400 ( 0.663 ) 59.250 ( 0.433 ) 73.148 ( 1.099 ) 106.100 ( 7.602 )
55.400 ( 0.663 ) 59.550 ( 0.497 ) 73.293 ( 1.205 ) 108.250 ( 6.898 )
55.400 ( 0.663 ) 58.850 ( 1.062 ) 73.467 ( 0.932 ) 108.800 ( 8.140 )
55.400 ( 0.663 ) 59.250 ( 0.698 ) 73.397 ( 1.626 ) 106.350 ( 6.770 )
55.400 ( 0.663 ) 59.250 ( 0.536 ) 73.460 ( 0.890 ) 107.750 ( 5.620 )
55.400 ( 0.663 ) 59.200 ( 0.510 ) 73.175 ( 1.098 ) 107.400 ( 4.695 )
55.400 ( 0.663 ) 59.050 ( 0.497 ) 73.306 ( 1.415 ) 106.400 ( 6.304 )
55.400 ( 0.663 ) 59.200 ( 0.510 ) 73.566 ( 0.906 ) 109.350 ( 6.909 )
55.400 ( 0.663 ) 59.100 ( 0.700 ) 73.436 ( 0.867 ) 107.500 ( 6.233 )
55.400 ( 0.663 ) 59.100 ( 0.436 ) 73.236 ( 1.070 ) 107.100 ( 7.049 )
55.400 ( 0.663 ) 59.150 ( 0.357 ) 73.232 ( 0.900 ) 107.650 ( 6.665 )
55.400 ( 0.663 ) 59.000 ( 1.000 ) 72.942 ( 0.943 ) 106.300 ( 5.771 )
55.350 ( 0.654 ) 58.950 ( 0.973 ) 73.094 ( 0.681 ) 107.650 ( 4.942 )
55.350 ( 0.654 ) 59.250 ( 0.433 ) 73.562 ( 1.306 ) 109.650 ( 7.157 )
55.350 ( 0.654 ) 59.300 ( 0.458 ) 73.764 ( 1.196 ) 112.550 ( 8.447 )
55.350 ( 0.654 ) 59.100 ( 0.624 ) 73.270 ( 0.992 ) 107.300 ( 5.533 )
55.350 ( 0.654 ) 59.300 ( 0.458 ) 73.532 ( 0.708 ) 107.500 ( 4.884 )
55.350 ( 0.654 ) 59.250 ( 0.433 ) 73.325 ( 1.002 ) 107.400 ( 4.964 )
55.350 ( 0.654 ) 59.300 ( 0.557 ) 73.794 ( 0.918 ) 107.800 ( 8.238 )
55.350 ( 0.654 ) 59.450 ( 0.497 ) 73.233 ( 1.332 ) 107.450 ( 5.783 )
55.350 ( 0.654 ) 59.350 ( 0.477 ) 73.677 ( 1.305 ) 107.450 ( 6.727 )
55.350 ( 0.654 ) 59.300 ( 0.458 ) 73.118 ( 0.843 ) 107.500 ( 7.507 )
55.350 ( 0.654 ) 59.400 ( 0.490 ) 73.267 ( 0.924 ) 107.900 ( 7.279 )
55.350 ( 0.654 ) 58.900 ( 0.624 ) 73.691 ( 0.913 ) 108.200 ( 6.787 )
55.350 ( 0.654 ) 59.300 ( 0.458 ) 73.590 ( 1.120 ) 110.550 ( 8.237 )
55.350 ( 0.654 ) 59.200 ( 0.400 ) 72.953 ( 1.509 ) 105.350 ( 5.534 )
55.350 ( 0.654 ) 59.150 ( 0.477 ) 73.390 ( 1.055 ) 108.150 ( 7.275 )
55.350 ( 0.654 ) 59.300 ( 0.458 ) 73.615 ( 0.976 ) 108.850 ( 7.357 )
55.350 ( 0.654 ) 59.250 ( 0.536 ) 72.778 ( 1.099 ) 106.900 ( 5.682 )
55.350 ( 0.654 ) 59.150 ( 0.654 ) 73.187 ( 1.022 ) 109.600 ( 7.303 )
55.350 ( 0.654 ) 59.100 ( 0.624 ) 73.095 ( 1.073 ) 108.300 ( 7.779 )
55.250 ( 0.536 ) 59.100 ( 1.091 ) 73.180 ( 1.308 ) 107.450 ( 7.820 )
55.250 ( 0.536 ) 59.200 ( 0.678 ) 73.176 ( 1.203 ) 106.450 ( 5.920 )
55.250 ( 0.536 ) 59.050 ( 0.669 ) 73.259 ( 1.015 ) 107.050 ( 6.622 )
55.250 ( 0.536 ) 59.250 ( 0.536 ) 73.114 ( 1.311 ) 106.800 ( 7.646 )
55.250 ( 0.536 ) 59.300 ( 0.458 ) 72.944 ( 0.521 ) 106.200 ( 6.306 )
55.250 ( 0.536 ) 59.150 ( 0.477 ) 73.424 ( 1.142 ) 108.150 ( 5.452 )
55.250 ( 0.536 ) 59.000 ( 0.775 ) 73.073 ( 0.874 ) 108.850 ( 8.386 )
55.250 ( 0.536 ) 59.000 ( 0.632 ) 73.422 ( 1.096 ) 109.400 ( 6.200 )
55.250 ( 0.536 ) 59.400 ( 0.490 ) 73.429 ( 0.862 ) 106.800 ( 7.332 )
55.250 ( 0.536 ) 59.250 ( 0.698 ) 73.014 ( 1.096 ) 105.450 ( 5.445 )
55.250 ( 0.536 ) 59.400 ( 0.583 ) 72.954 ( 0.820 ) 108.100 ( 6.082 )
55.250 ( 0.536 ) 59.050 ( 0.921 ) 73.056 ( 1.035 ) 109.950 ( 6.939 )
55.250 ( 0.536 ) 59.200 ( 0.400 ) 73.400 ( 0.894 ) 108.050 ( 8.863 )
55.250 ( 0.536 ) 59.200 ( 0.400 ) 73.395 ( 0.864 ) 108.550 ( 5.287 )
55.250 ( 0.536 ) 59.150 ( 0.654 ) 73.227 ( 1.173 ) 107.850 ( 6.529 )
55.250 ( 0.536 ) 58.850 ( 0.726 ) 73.842 ( 1.188 ) 108.150 ( 6.335 )
55.250 ( 0.536 ) 59.250 ( 0.433 ) 74.010 ( 0.987 ) 109.100 ( 8.414 )
55.250 ( 0.536 ) 59.300 ( 0.640 ) 72.992 ( 1.273 ) 106.250 ( 8.932 )
55.250 ( 0.536 ) 59.050 ( 0.589 ) 73.245 ( 1.198 ) 105.500 ( 5.869 )
55.250 ( 0.536 ) 59.200 ( 0.400 ) 73.700 ( 0.859 ) 109.150 ( 5.388 )
55.250 ( 0.536 ) 59.300 ( 0.458 ) 74.119 ( 1.120 ) 110.150 ( 8.873 )
55.250 ( 0.536 ) 59.300 ( 0.557 ) 73.269 ( 1.009 ) 107.850 ( 8.404 )
55.250 ( 0.536 ) 59.250 ( 0.433 ) 73.883 ( 1.144 ) 108.050 ( 6.917 )
55.250 ( 0.536 ) 59.300 ( 0.458 ) 73.443 ( 0.904 ) 110.150 ( 7.066 )
55.250 ( 0.536 ) 59.300 ( 0.557 ) 73.424 ( 1.050 ) 109.850 ( 9.024 )
55.250 ( 0.536 ) 59.000 ( 0.316 ) 73.326 ( 0.978 ) 106.950 ( 6.312 )
55.250 ( 0.536 ) 59.200 ( 0.510 ) 73.612 ( 0.941 ) 110.400 ( 7.883 )
55.250 ( 0.536 ) 59.100 ( 0.539 ) 73.736 ( 1.064 ) 110.650 ( 6.981 )
55.250 ( 0.536 ) 59.350 ( 0.477 ) 73.361 ( 1.280 ) 107.150 ( 6.019 )
55.250 ( 0.536 ) 59.050 ( 0.805 ) 73.285 ( 0.582 ) 108.650 ( 7.465 )
55.250 ( 0.536 ) 59.350 ( 0.477 ) 73.609 ( 1.141 ) 110.150 ( 7.059 )
55.250 ( 0.536 ) 59.500 ( 0.500 ) 72.932 ( 0.929 ) 107.450 ( 5.886 )
55.250 ( 0.536 ) 58.900 ( 0.700 ) 73.085 ( 1.483 ) 109.150 ( 7.696 )
55.250 ( 0.536 ) 59.050 ( 0.973 ) 73.191 ( 1.170 ) 105.300 ( 7.065 )
55.250 ( 0.536 ) 59.150 ( 0.357 ) 73.179 ( 1.050 ) 107.600 ( 7.826 )
55.250 ( 0.536 ) 59.300 ( 0.458 ) 73.669 ( 1.379 ) 108.050 ( 7.221 )
55.250 ( 0.536 ) 59.550 ( 0.497 ) 73.568 ( 1.104 ) 108.650 ( 6.552 )
55.250 ( 0.536 ) 59.250 ( 0.433 ) 73.421 ( 1.319 ) 110.400 ( 8.218 )
55.250 ( 0.536 ) 59.450 ( 0.497 ) 73.202 ( 1.002 ) 105.950 ( 5.954 )
55.250 ( 0.536 ) 59.300 ( 0.458 ) 73.232 ( 1.155 ) 107.900 ( 7.063 )
55.250 ( 0.536 ) 59.200 ( 0.510 ) 73.258 ( 1.238 ) 106.700 ( 6.286 )
55.250 ( 0.536 ) 59.150 ( 0.477 ) 73.679 ( 1.357 ) 109.800 ( 6.290 )
55.250 ( 0.536 ) 59.200 ( 0.400 ) 73.087 ( 0.922 ) 107.250 ( 6.640 )
55.250 ( 0.536 ) 59.200 ( 0.678 ) 73.148 ( 0.614 ) 104.500 ( 2.975 )
55.250 ( 0.536 ) 59.400 ( 0.583 ) 73.528 ( 0.937 ) 107.600 ( 6.422 )
55.250 ( 0.536 ) 59.250 ( 0.887 ) 73.434 ( 0.896 ) 108.550 ( 8.675 )
55.250 ( 0.536 ) 59.150 ( 0.477 ) 73.313 ( 1.010 ) 109.000 ( 8.099 )
55.250 ( 0.536 ) 59.400 ( 0.490 ) 73.050 ( 1.056 ) 109.200 ( 6.516 )
55.250 ( 0.536 ) 59.250 ( 0.433 ) 73.152 ( 0.966 ) 106.550 ( 6.461 )
55.250 ( 0.536 ) 59.150 ( 0.477 ) 73.656 ( 1.166 ) 106.650 ( 6.093 )
55.250 ( 0.536 ) 59.350 ( 0.477 ) 73.236 ( 0.801 ) 109.200 ( 4.925 )
55.250 ( 0.536 ) 59.050 ( 0.589 ) 73.206 ( 0.903 ) 107.050 ( 6.866 )
55.250 ( 0.536 ) 59.200 ( 0.600 ) 72.864 ( 0.874 ) 104.350 ( 4.993 )
55.250 ( 0.536 ) 59.000 ( 0.447 ) 73.296 ( 0.832 ) 107.950 ( 5.679 )
55.250 ( 0.536 ) 59.150 ( 0.654 ) 73.338 ( 1.293 ) 107.750 ( 6.040 )
55.250 ( 0.536 ) 59.150 ( 0.357 ) 73.379 ( 0.991 ) 106.300 ( 6.181 )
55.250 ( 0.536 ) 59.100 ( 0.436 ) 73.371 ( 1.184 ) 107.600 ( 5.407 )
55.250 ( 0.536 ) 59.400 ( 0.490 ) 73.283 ( 0.976 ) 106.800 ( 6.562 )
55.250 ( 0.536 ) 59.100 ( 0.539 ) 73.320 ( 1.295 ) 111.000 ( 7.225 )
55.250 ( 0.536 ) 59.450 ( 0.497 ) 73.373 ( 1.066 ) 108.800 ( 7.332 )
55.250 ( 0.536 ) 59.200 ( 0.400 ) 73.540 ( 0.832 ) 108.750 ( 5.078 )
55.250 ( 0.536 ) 59.250 ( 0.433 ) 73.036 ( 1.087 ) 107.400 ( 6.398 )
55.250 ( 0.536 ) 59.050 ( 0.589 ) 73.260 ( 0.828 ) 108.750 ( 7.175 )
55.250 ( 0.536 ) 59.300 ( 0.458 ) 72.922 ( 1.469 ) 107.300 ( 7.610 )
55.250 ( 0.536 ) 59.400 ( 0.490 ) 73.847 ( 0.871 ) 108.500 ( 5.343 )
55.250 ( 0.536 ) 59.150 ( 0.654 ) 73.389 ( 0.820 ) 110.550 ( 7.214 )
55.250 ( 0.536 ) 58.950 ( 0.805 ) 73.681 ( 0.995 ) 112.050 ( 6.652 )
55.250 ( 0.536 ) 59.350 ( 0.572 ) 74.044 ( 1.314 ) 110.600 ( 6.437 )
55.250 ( 0.536 ) 59.200 ( 0.510 ) 73.268 ( 1.281 ) 109.300 ( 8.192 )
55.250 ( 0.536 ) 59.150 ( 0.654 ) 73.287 ( 1.096 ) 108.350 ( 5.842 )
55.250 ( 0.536 ) 59.400 ( 0.490 ) 73.520 ( 1.257 ) 110.250 ( 6.826 )
55.250 ( 0.536 ) 59.200 ( 0.748 ) 73.537 ( 1.079 ) 108.950 ( 8.800 )
55.250 ( 0.536 ) 59.100 ( 0.624 ) 73.218 ( 1.065 ) 106.700 ( 8.367 )
55.250 ( 0.536 ) 59.200 ( 0.510 ) 73.426 ( 1.229 ) 109.000 ( 5.431 )
55.250 ( 0.536 ) 59.200 ( 0.600 ) 73.033 ( 0.987 ) 109.950 ( 7.493 )
55.250 ( 0.536 ) 59.000 ( 0.775 ) 73.009 ( 0.940 ) 107.550 ( 6.523 )
55.250 ( 0.536 ) 59.000 ( 0.632 ) 73.544 ( 0.908 ) 107.250 ( 7.307 )
55.250 ( 0.536 ) 59.300 ( 0.557 ) 73.746 ( 0.857 ) 109.650 ( 7.268 )
55.250 ( 0.536 ) 58.950 ( 1.023 ) 72.870 ( 0.973 ) 106.500 ( 6.793 )
55.250 ( 0.536 ) 59.300 ( 0.557 ) 73.022 ( 1.153 ) 110.400 ( 6.800 )
55.250 ( 0.536 ) 59.100 ( 0.300 ) 73.740 ( 1.140 ) 108.700 ( 6.739 )
55.250 ( 0.536 ) 59.000 ( 0.632 ) 72.955 ( 1.088 ) 109.450 ( 7.652 )
55.250 ( 0.536 ) 59.200 ( 0.510 ) 73.245 ( 1.161 ) 106.050 ( 6.257 )
55.250 ( 0.536 ) 59.200 ( 0.678 ) 73.792 ( 1.222 ) 108.900 ( 8.037 )
55.250 ( 0.536 ) 59.100 ( 0.624 ) 73.231 ( 0.909 ) 107.150 ( 4.799 )
55.250 ( 0.536 ) 59.250 ( 0.433 ) 73.129 ( 1.511 ) 108.200 ( 8.436 )
55.250 ( 0.536 ) 59.300 ( 0.557 ) 73.637 ( 0.966 ) 108.700 ( 8.032 )
55.250 ( 0.536 ) 59.100 ( 0.624 ) 73.113 ( 1.119 ) 107.350 ( 5.397 )
55.250 ( 0.536 ) 59.150 ( 0.357 ) 73.491 ( 1.122 ) 108.600 ( 8.935 )
55.250 ( 0.536 ) 59.100 ( 0.436 ) 73.545 ( 0.920 ) 106.950 ( 6.281 )
55.250 ( 0.536 ) 59.150 ( 0.357 ) 73.782 ( 0.723 ) 106.000 ( 6.848 )
55.250 ( 0.536 ) 59.250 ( 0.622 ) 73.039 ( 1.400 ) 106.500 ( 8.784 )
55.250 ( 0.536 ) 59.350 ( 0.477 ) 73.547 ( 1.069 ) 109.600 ( 8.009 )
55.250 ( 0.536 ) 59.300 ( 0.458 ) 72.886 ( 1.157 ) 105.850 ( 6.981 )
55.250 ( 0.536 ) 59.350 ( 0.477 ) 73.417 ( 0.824 ) 108.350 ( 8.968 )
55.250 ( 0.536 ) 59.200 ( 0.400 ) 73.080 ( 0.669 ) 108.150 ( 8.126 )
55.250 ( 0.536 ) 59.200 ( 0.400 ) 73.365 ( 0.773 ) 109.900 ( 8.024 )
55.250 ( 0.536 ) 59.200 ( 0.510 ) 73.513 ( 0.755 ) 107.400 ( 5.660 )
55.250 ( 0.536 ) 59.350 ( 0.572 ) 73.133 ( 1.104 ) 106.200 ( 7.434 )
55.250 ( 0.536 ) 59.200 ( 0.400 ) 73.172 ( 0.975 ) 107.800 ( 5.546 )
55.250 ( 0.536 ) 59.250 ( 0.536 ) 73.773 ( 1.199 ) 108.600 ( 4.779 )
55.250 ( 0.536 ) 59.100 ( 0.624 ) 72.960 ( 0.616 ) 106.000 ( 6.877 )
55.250 ( 0.536 ) 59.150 ( 0.477 ) 73.755 ( 1.028 ) 108.800 ( 7.386 )
55.250 ( 0.536 ) 59.250 ( 0.433 ) 73.760 ( 1.014 ) 110.750 ( 7.949 )
55.250 ( 0.536 ) 59.300 ( 0.640 ) 73.712 ( 0.901 ) 107.600 ( 5.722 )
55.250 ( 0.536 ) 58.750 ( 0.698 ) 73.531 ( 0.903 ) 108.850 ( 6.981 )
55.250 ( 0.536 ) 59.250 ( 0.433 ) 73.334 ( 1.124 ) 108.100 ( 6.670 )
55.250 ( 0.536 ) 59.200 ( 0.510 ) 73.520 ( 1.490 ) 105.900 ( 5.137 )
55.250 ( 0.536 ) 59.100 ( 0.539 ) 73.245 ( 1.001 ) 107.500 ( 6.054 )
55.200 ( 0.510 ) 59.100 ( 1.044 ) 72.859 ( 0.947 ) 107.350 ( 4.520 )
55.200 ( 0.510 ) 59.150 ( 1.062 ) 73.156 ( 0.883 ) 107.350 ( 5.910 )
55.200 ( 0.510 ) 59.050 ( 0.589 ) 72.967 ( 1.136 ) 108.150 ( 8.211 )
55.200 ( 0.510 ) 59.050 ( 1.023 ) 73.028 ( 0.956 ) 107.600 ( 7.625 )
55.200 ( 0.510 ) 59.400 ( 0.800 ) 73.364 ( 1.057 ) 108.700 ( 7.065 )
55.200 ( 0.510 ) 59.150 ( 0.477 ) 73.517 ( 1.179 ) 109.350 ( 6.930 )
55.200 ( 0.510 ) 59.350 ( 0.477 ) 73.610 ( 1.041 ) 110.600 ( 7.710 )
55.200 ( 0.510 ) 59.000 ( 0.316 ) 73.146 ( 1.109 ) 106.100 ( 6.796 )
55.200 ( 0.510 ) 59.050 ( 0.384 ) 73.274 ( 1.337 ) 108.600 ( 6.800 )
55.200 ( 0.510 ) 59.200 ( 0.678 ) 73.450 ( 1.177 ) 108.350 ( 7.780 )
55.200 ( 0.510 ) 59.050 ( 0.805 ) 72.597 ( 1.035 ) 106.800 ( 7.393 )
55.200 ( 0.510 ) 59.050 ( 0.865 ) 72.868 ( 0.968 ) 104.850 ( 6.590 )
55.200 ( 0.510 ) 59.250 ( 0.433 ) 73.743 ( 1.351 ) 110.600 ( 7.017 )
55.200 ( 0.510 ) 59.250 ( 0.433 ) 72.817 ( 1.028 ) 105.100 ( 6.557 )
55.200 ( 0.510 ) 59.150 ( 0.477 ) 73.442 ( 1.108 ) 107.050 ( 7.256 )
55.200 ( 0.510 ) 59.400 ( 0.490 ) 72.850 ( 0.898 ) 105.750 ( 5.549 )
55.200 ( 0.510 ) 59.250 ( 0.433 ) 73.405 ( 0.809 ) 104.950 ( 7.413 )
55.200 ( 0.510 ) 59.200 ( 0.400 ) 73.350 ( 1.155 ) 106.750 ( 6.572 )
55.200 ( 0.510 ) 59.450 ( 0.497 ) 72.971 ( 1.053 ) 108.750 ( 7.084 )
55.200 ( 0.510 ) 58.900 ( 0.943 ) 73.459 ( 1.265 ) 109.200 ( 6.653 )
55.200 ( 0.510 ) 59.300 ( 0.458 ) 73.566 ( 0.937 ) 111.200 ( 8.054 )
55.200 ( 0.510 ) 59.250 ( 0.433 ) 73.641 ( 1.026 ) 107.200 ( 7.897 )
55.200 ( 0.510 ) 58.950 ( 0.589 ) 73.277 ( 0.918 ) 107.600 ( 5.834 )
55.200 ( 0.510 ) 59.250 ( 0.536 ) 73.261 ( 1.028 ) 108.700 ( 7.785 )
55.200 ( 0.510 ) 58.800 ( 1.208 ) 73.222 ( 1.107 ) 108.050 ( 5.536 )
55.200 ( 0.510 ) 59.150 ( 0.357 ) 73.657 ( 1.241 ) 109.350 ( 7.806 )
55.200 ( 0.510 ) 59.300 ( 0.458 ) 72.912 ( 1.021 ) 107.500 ( 6.201 )
55.200 ( 0.510 ) 59.150 ( 0.726 ) 73.138 ( 1.115 ) 108.100 ( 6.999 )
55.200 ( 0.510 ) 59.050 ( 0.865 ) 73.022 ( 0.812 ) 106.700 ( 7.779 )
55.200 ( 0.510 ) 59.050 ( 0.384 ) 73.270 ( 1.000 ) 109.350 ( 7.445 )
55.200 ( 0.510 ) 59.250 ( 0.433 ) 73.581 ( 0.922 ) 106.250 ( 6.963 )
55.200 ( 0.510 ) 59.000 ( 0.632 ) 73.171 ( 0.813 ) 107.400 ( 6.621 )
55.200 ( 0.510 ) 59.250 ( 0.536 ) 73.399 ( 1.354 ) 107.250 ( 6.877 )
55.200 ( 0.510 ) 59.100 ( 0.436 ) 73.323 ( 0.974 ) 108.500 ( 7.365 )
55.200 ( 0.510 ) 59.300 ( 0.458 ) 73.151 ( 1.273 ) 107.600 ( 7.965 )
55.200 ( 0.510 ) 59.150 ( 0.654 ) 73.598 ( 0.998 ) 107.900 ( 8.717 )
55.200 ( 0.510 ) 59.100 ( 0.831 ) 73.547 ( 1.043 ) 109.300 ( 4.302 )
55.200 ( 0.510 ) 59.300 ( 0.458 ) 74.120 ( 1.101 ) 111.300 ( 7.246 )
55.200 ( 0.510 ) 59.400 ( 0.490 ) 73.665 ( 1.154 ) 107.750 ( 9.491 )
55.200 ( 0.510 ) 59.100 ( 0.995 ) 73.457 ( 0.963 ) 111.300 ( 5.967 )
55.200 ( 0.510 ) 59.100 ( 0.539 ) 73.222 ( 0.715 ) 107.250 ( 7.327 )
55.200 ( 0.510 ) 59.150 ( 0.357 ) 73.162 ( 1.217 ) 106.450 ( 6.383 )
55.200 ( 0.510 ) 59.550 ( 0.589 ) 73.593 ( 0.806 ) 110.150 ( 7.192 )
55.200 ( 0.510 ) 59.050 ( 0.218 ) 73.060 ( 1.105 ) 106.400 ( 5.660 )
55.200 ( 0.510 ) 59.250 ( 0.536 ) 73.218 ( 0.969 ) 105.950 ( 6.492 )
55.200 ( 0.510 ) 59.200 ( 0.872 ) 73.084 ( 0.956 ) 105.200 ( 6.493 )
55.200 ( 0.510 ) 59.050 ( 0.218 ) 73.479 ( 1.041 ) 106.200 ( 5.437 )
55.200 ( 0.510 ) 59.450 ( 0.497 ) 73.195 ( 0.922 ) 108.150 ( 8.714 )
55.200 ( 0.510 ) 59.000 ( 0.775 ) 73.055 ( 1.230 ) 106.450 ( 6.281 )
55.200 ( 0.510 ) 59.150 ( 1.108 ) 73.032 ( 1.282 ) 104.550 ( 6.837 )
55.200 ( 0.510 ) 58.900 ( 0.889 ) 72.836 ( 0.955 ) 105.000 ( 5.692 )
55.200 ( 0.510 ) 59.350 ( 0.572 ) 73.323 ( 0.883 ) 107.450 ( 5.239 )
55.150 ( 0.477 ) 59.050 ( 1.023 ) 73.044 ( 1.074 ) 106.400 ( 6.288 )
55.150 ( 0.477 ) 59.400 ( 0.490 ) 73.728 ( 1.295 ) 111.300 ( 8.373 )
55.150 ( 0.477 ) 59.400 ( 0.490 ) 73.566 ( 1.070 ) 107.750 ( 5.726 )
55.150 ( 0.477 ) 59.300 ( 0.714 ) 73.475 ( 0.939 ) 106.750 ( 8.660 )
55.150 ( 0.477 ) 59.300 ( 0.458 ) 73.387 ( 0.994 ) 107.800 ( 5.250 )
55.150 ( 0.477 ) 58.950 ( 0.973 ) 73.635 ( 1.252 ) 109.500 ( 7.959 )
55.150 ( 0.477 ) 59.250 ( 0.433 ) 73.444 ( 1.083 ) 108.550 ( 6.289 )
55.150 ( 0.477 ) 59.300 ( 0.557 ) 73.617 ( 1.243 ) 107.400 ( 5.877 )
55.150 ( 0.477 ) 59.200 ( 0.510 ) 73.497 ( 1.274 ) 108.750 ( 6.617 )
55.150 ( 0.477 ) 59.150 ( 0.357 ) 73.427 ( 1.200 ) 107.500 ( 7.566 )
55.150 ( 0.477 ) 59.400 ( 0.490 ) 73.642 ( 1.077 ) 109.700 ( 6.505 )
55.150 ( 0.477 ) 59.300 ( 0.458 ) 73.368 ( 1.350 ) 108.350 ( 7.384 )
55.150 ( 0.477 ) 59.100 ( 0.436 ) 73.518 ( 1.242 ) 108.150 ( 6.725 )
55.150 ( 0.477 ) 59.300 ( 0.557 ) 73.433 ( 1.009 ) 108.800 ( 5.537 )
55.150 ( 0.477 ) 59.300 ( 0.557 ) 73.689 ( 1.151 ) 108.950 ( 7.639 )
55.150 ( 0.477 ) 59.400 ( 0.490 ) 73.242 ( 1.297 ) 106.500 ( 6.021 )
55.150 ( 0.477 ) 59.150 ( 0.853 ) 73.795 ( 0.968 ) 108.650 ( 7.696 )
55.150 ( 0.477 ) 59.050 ( 1.023 ) 73.439 ( 1.371 ) 108.050 ( 9.091 )
55.150 ( 0.477 ) 59.050 ( 0.497 ) 73.379 ( 1.009 ) 108.500 ( 6.599 )
55.150 ( 0.477 ) 59.200 ( 0.600 ) 72.954 ( 1.528 ) 106.450 ( 7.032 )
55.150 ( 0.477 ) 59.200 ( 0.400 ) 73.200 ( 1.272 ) 106.500 ( 6.360 )
55.150 ( 0.477 ) 59.250 ( 0.766 ) 73.475 ( 0.876 ) 107.850 ( 7.604 )
55.150 ( 0.477 ) 59.300 ( 0.458 ) 73.409 ( 0.940 ) 106.700 ( 5.478 )
55.150 ( 0.477 ) 59.150 ( 0.357 ) 72.927 ( 1.084 ) 107.950 ( 8.279 )
55.150 ( 0.477 ) 59.200 ( 0.748 ) 73.450 ( 1.224 ) 107.250 ( 6.284 )
55.150 ( 0.477 ) 59.200 ( 0.400 ) 73.592 ( 1.178 ) 112.050 ( 8.121 )
55.150 ( 0.477 ) 59.300 ( 0.557 ) 73.468 ( 0.910 ) 110.300 ( 8.533 )
55.150 ( 0.477 ) 59.400 ( 0.490 ) 73.114 ( 0.778 ) 108.550 ( 6.968 )
55.150 ( 0.477 ) 59.150 ( 0.357 ) 73.051 ( 1.281 ) 108.000 ( 7.855 )
55.150 ( 0.477 ) 59.250 ( 0.536 ) 73.709 ( 1.011 ) 106.050 ( 6.477 )
