1528.300 ( 28.765 ) 1528.300 ( 28.765 ) 1773.496 ( 16.836 ) 2240.400 ( 99.869 )
1502.500 ( 24.899 ) 1513.450 ( 30.711 ) 1765.885 ( 14.979 ) 2213.450 ( 111.849 )
1497.400 ( 25.535 ) 1533.250 ( 33.240 ) 1774.794 ( 13.828 ) 2252.300 ( 162.049 )
1485.900 ( 21.118 ) 1521.800 ( 35.636 ) 1786.436 ( 10.195 ) 2222.750 ( 96.487 )
1482.900 ( 19.708 ) 1535.050 ( 27.347 ) 1803.558 ( 14.483 ) 2331.650 ( 99.294 )
1480.900 ( 14.697 ) 1530.800 ( 21.992 ) 1798.795 ( 13.220 ) 2279.800 ( 120.696 )
1478.400 ( 19.671 ) 1522.700 ( 41.366 ) 1795.543 ( 14.809 ) 2297.950 ( 92.781 )
1476.400 ( 19.257 ) 1519.850 ( 30.689 ) 1799.467 ( 9.856 ) 2288.050 ( 100.095 )
1473.050 ( 21.449 ) 1515.200 ( 31.015 ) 1795.120 ( 10.956 ) 2300.050 ( 78.262 )
1469.650 ( 19.407 ) 1517.150 ( 29.987 ) 1788.778 ( 14.570 ) 2283.500 ( 104.849 )
1469.100 ( 18.769 ) 1527.550 ( 31.247 ) 1792.041 ( 10.361 ) 2350.100 ( 112.134 )
1466.250 ( 16.819 ) 1520.150 ( 29.984 ) 1783.040 ( 12.848 ) 2290.350 ( 101.816 )
1466.250 ( 16.819 ) 1530.350 ( 29.147 ) 1791.374 ( 15.831 ) 2332.350 ( 152.752 )
1466.250 ( 16.819 ) 1532.400 ( 20.711 ) 1788.106 ( 16.779 ) 2327.550 ( 102.049 )
1462.950 ( 20.495 ) 1511.900 ( 36.600 ) 1785.406 ( 17.647 ) 2286.000 ( 88.555 )
1459.850 ( 24.794 ) 1518.700 ( 38.054 ) 1780.682 ( 12.623 ) 2300.850 ( 98.948 )
1459.400 ( 24.632 ) 1521.100 ( 25.491 ) 1785.468 ( 12.138 ) 2341.200 ( 105.363 )
1458.350 ( 23.470 ) 1513.600 ( 26.185 ) 1782.336 ( 14.041 ) 2267.200 ( 86.226 )
1458.350 ( 23.470 ) 1529.700 ( 21.597 ) 1781.642 ( 12.668 ) 2290.550 ( 114.583 )
1455.300 ( 22.933 ) 1513.200 ( 40.437 ) 1781.702 ( 15.767 ) 2265.450 ( 78.669 )
1454.000 ( 23.639 ) 1537.300 ( 34.648 ) 1782.348 ( 11.993 ) 2239.050 ( 77.168 )
1454.000 ( 23.639 ) 1520.850 ( 31.406 ) 1779.847 ( 16.926 ) 2306.550 ( 123.631 )
1454.000 ( 23.639 ) 1528.900 ( 27.446 ) 1777.807 ( 21.059 ) 2288.550 ( 95.661 )
1454.000 ( 23.639 ) 1519.050 ( 28.551 ) 1780.302 ( 11.623 ) 2295.250 ( 109.709 )
1453.450 ( 23.387 ) 1523.150 ( 30.388 ) 1778.053 ( 13.508 ) 2295.850 ( 128.647 )
1451.500 ( 22.301 ) 1523.050 ( 29.686 ) 1775.783 ( 10.500 ) 2226.400 ( 105.874 )
1449.550 ( 22.304 ) 1509.050 ( 36.232 ) 1776.356 ( 16.842 ) 2268.700 ( 96.665 )
1449.550 ( 22.304 ) 1523.500 ( 34.682 ) 1785.058 ( 14.152 ) 2267.250 ( 98.664 )
1449.250 ( 22.052 ) 1525.700 ( 37.138 ) 1783.291 ( 13.211 ) 2282.350 ( 144.169 )
1448.950 ( 21.738 ) 1523.650 ( 29.925 ) 1776.553 ( 13.422 ) 2267.900 ( 139.999 )
1448.950 ( 21.738 ) 1526.800 ( 35.263 ) 1779.791 ( 13.233 ) 2296.250 ( 131.966 )
1448.950 ( 21.738 ) 1521.050 ( 36.844 ) 1776.210 ( 13.257 ) 2264.750 ( 107.660 )
1447.450 ( 21.334 ) 1506.800 ( 29.745 ) 1774.698 ( 15.732 ) 2246.850 ( 91.480 )
1447.450 ( 21.334 ) 1516.550 ( 30.190 ) 1772.097 ( 11.621 ) 2267.200 ( 148.678 )
1447.450 ( 21.334 ) 1515.200 ( 40.410 ) 1775.544 ( 18.434 ) 2257.850 ( 113.495 )
1447.350 ( 21.308 ) 1523.550 ( 27.438 ) 1779.723 ( 14.477 ) 2309.700 ( 134.879 )
1446.300 ( 20.780 ) 1512.000 ( 28.219 ) 1769.489 ( 15.494 ) 2243.900 ( 95.052 )
1444.850 ( 20.994 ) 1511.050 ( 34.480 ) 1773.808 ( 13.854 ) 2285.150 ( 122.332 )
1443.050 ( 20.292 ) 1510.850 ( 31.789 ) 1776.758 ( 16.927 ) 2292.050 ( 121.646 )
1443.050 ( 20.292 ) 1518.950 ( 33.742 ) 1771.839 ( 11.568 ) 2266.300 ( 122.109 )
1443.050 ( 20.292 ) 1529.650 ( 29.845 ) 1776.047 ( 14.297 ) 2301.450 ( 127.810 )
1441.650 ( 19.686 ) 1510.350 ( 33.028 ) 1774.177 ( 18.958 ) 2284.150 ( 118.558 )
1439.550 ( 17.130 ) 1514.450 ( 30.538 ) 1772.648 ( 14.030 ) 2293.650 ( 123.057 )
1439.550 ( 17.130 ) 1522.650 ( 26.891 ) 1772.300 ( 12.984 ) 2265.700 ( 114.885 )
1439.550 ( 17.130 ) 1529.400 ( 22.988 ) 1779.840 ( 14.829 ) 2261.650 ( 98.188 )
1439.550 ( 17.130 ) 1526.650 ( 29.501 ) 1772.253 ( 15.466 ) 2264.200 ( 138.786 )
1437.900 ( 15.430 ) 1517.750 ( 37.067 ) 1779.276 ( 15.761 ) 2314.300 ( 172.068 )
1437.900 ( 15.430 ) 1514.200 ( 35.091 ) 1779.089 ( 12.696 ) 2232.550 ( 82.555 )
1437.900 ( 15.430 ) 1517.650 ( 26.361 ) 1774.420 ( 14.151 ) 2273.300 ( 123.662 )
1437.900 ( 15.430 ) 1514.100 ( 34.317 ) 1772.588 ( 13.118 ) 2261.100 ( 67.881 )
1437.400 ( 14.620 ) 1510.350 ( 29.952 ) 1777.097 ( 16.815 ) 2257.600 ( 118.405 )
1437.400 ( 14.620 ) 1512.050 ( 24.569 ) 1778.821 ( 12.181 ) 2348.200 ( 154.079 )
1437.400 ( 14.620 ) 1524.250 ( 29.713 ) 1776.936 ( 12.522 ) 2273.950 ( 98.791 )
1437.400 ( 14.620 ) 1523.250 ( 28.867 ) 1777.402 ( 14.733 ) 2298.350 ( 128.572 )
1435.700 ( 14.213 ) 1522.250 ( 37.317 ) 1776.888 ( 16.787 ) 2278.800 ( 153.369 )
1435.700 ( 14.213 ) 1532.900 ( 32.630 ) 1777.249 ( 14.283 ) 2321.650 ( 164.557 )
1435.700 ( 14.213 ) 1526.100 ( 29.880 ) 1777.921 ( 12.044 ) 2309.600 ( 125.061 )
1435.650 ( 14.161 ) 1519.100 ( 36.839 ) 1775.770 ( 13.620 ) 2242.750 ( 134.421 )
1435.650 ( 14.161 ) 1530.450 ( 29.138 ) 1780.310 ( 14.834 ) 2296.800 ( 132.703 )
1435.650 ( 14.161 ) 1525.300 ( 36.340 ) 1774.753 ( 13.345 ) 2303.800 ( 133.207 )
1435.650 ( 14.161 ) 1517.750 ( 20.678 ) 1775.241 ( 13.803 ) 2252.650 ( 117.348 )
1434.300 ( 12.701 ) 1513.700 ( 29.841 ) 1777.117 ( 14.440 ) 2232.900 ( 69.941 )
1434.300 ( 12.701 ) 1521.400 ( 32.273 ) 1779.461 ( 12.806 ) 2282.600 ( 111.351 )
1434.300 ( 12.701 ) 1517.250 ( 26.728 ) 1780.247 ( 14.898 ) 2251.850 ( 87.973 )
1434.300 ( 12.701 ) 1522.800 ( 26.309 ) 1776.399 ( 14.661 ) 2244.650 ( 105.635 )
1434.300 ( 12.701 ) 1520.800 ( 35.079 ) 1777.608 ( 16.198 ) 2267.750 ( 128.128 )
1434.300 ( 12.701 ) 1522.700 ( 30.966 ) 1777.617 ( 11.609 ) 2262.750 ( 67.548 )
1434.300 ( 12.701 ) 1524.000 ( 27.311 ) 1778.651 ( 13.202 ) 2294.550 ( 101.839 )
1434.300 ( 12.701 ) 1519.900 ( 27.664 ) 1774.726 ( 16.660 ) 2287.750 ( 103.575 )
1432.950 ( 11.391 ) 1523.100 ( 39.655 ) 1779.239 ( 10.401 ) 2281.650 ( 108.564 )
1432.950 ( 11.391 ) 1509.300 ( 20.802 ) 1772.715 ( 17.354 ) 2271.400 ( 106.797 )
1432.950 ( 11.391 ) 1523.900 ( 25.655 ) 1775.622 ( 13.441 ) 2320.900 ( 191.970 )
1432.150 ( 10.706 ) 1530.150 ( 35.770 ) 1773.505 ( 17.595 ) 2278.850 ( 141.152 )
1432.150 ( 10.706 ) 1528.100 ( 30.921 ) 1775.761 ( 16.776 ) 2267.550 ( 167.584 )
1432.150 ( 10.706 ) 1519.750 ( 26.659 ) 1772.863 ( 14.308 ) 2260.800 ( 124.868 )
1431.150 ( 11.399 ) 1519.900 ( 36.206 ) 1777.891 ( 14.165 ) 2312.700 ( 78.858 )
1431.150 ( 11.399 ) 1514.700 ( 34.846 ) 1778.808 ( 15.375 ) 2247.200 ( 109.312 )
1431.150 ( 11.399 ) 1520.050 ( 29.601 ) 1780.249 ( 18.145 ) 2327.650 ( 140.813 )
1431.150 ( 11.399 ) 1520.350 ( 32.609 ) 1780.098 ( 10.655 ) 2309.550 ( 112.003 )
1431.150 ( 11.399 ) 1518.300 ( 21.696 ) 1774.814 ( 12.364 ) 2253.900 ( 105.609 )
1431.150 ( 11.399 ) 1519.300 ( 28.286 ) 1777.061 ( 16.732 ) 2248.850 ( 123.117 )
1431.150 ( 11.399 ) 1518.650 ( 23.840 ) 1785.530 ( 16.407 ) 2328.150 ( 99.547 )
1431.150 ( 11.399 ) 1523.800 ( 21.358 ) 1781.755 ( 19.631 ) 2273.250 ( 93.309 )
1431.150 ( 11.399 ) 1519.850 ( 33.928 ) 1780.638 ( 16.092 ) 2318.850 ( 138.478 )
1431.150 ( 11.399 ) 1518.100 ( 37.579 ) 1772.053 ( 13.676 ) 2307.550 ( 100.141 )
1431.150 ( 11.399 ) 1511.500 ( 32.265 ) 1774.483 ( 13.655 ) 2283.150 ( 67.583 )
1431.150 ( 11.399 ) 1516.450 ( 32.177 ) 1780.061 ( 11.013 ) 2284.300 ( 79.073 )
1431.150 ( 11.399 ) 1521.850 ( 28.445 ) 1777.682 ( 12.758 ) 2306.750 ( 141.494 )
1431.150 ( 11.399 ) 1513.650 ( 29.456 ) 1776.290 ( 11.891 ) 2253.600 ( 101.710 )
1431.150 ( 11.399 ) 1521.200 ( 37.439 ) 1776.537 ( 12.057 ) 2284.350 ( 161.513 )
1431.150 ( 11.399 ) 1511.800 ( 27.259 ) 1782.094 ( 17.392 ) 2275.800 ( 81.061 )
1431.150 ( 11.399 ) 1520.750 ( 27.528 ) 1773.870 ( 14.506 ) 2289.300 ( 150.086 )
1431.150 ( 11.399 ) 1502.250 ( 31.337 ) 1780.433 ( 17.387 ) 2285.850 ( 136.015 )
1431.150 ( 11.399 ) 1529.000 ( 33.300 ) 1775.963 ( 17.190 ) 2275.100 ( 83.906 )
1431.150 ( 11.399 ) 1521.600 ( 29.562 ) 1775.304 ( 16.278 ) 2278.600 ( 88.423 )
1431.150 ( 11.399 ) 1523.450 ( 26.160 ) 1779.105 ( 16.112 ) 2233.150 ( 80.783 )
1430.000 ( 12.186 ) 1520.400 ( 41.638 ) 1778.892 ( 13.326 ) 2269.350 ( 96.176 )
1430.000 ( 12.186 ) 1525.900 ( 27.461 ) 1782.354 ( 12.796 ) 2254.900 ( 88.641 )
1430.000 ( 12.186 ) 1522.250 ( 24.948 ) 1776.012 ( 18.304 ) 2311.900 ( 110.510 )
1430.000 ( 12.186 ) 1521.500 ( 29.366 ) 1777.546 ( 12.544 ) 2273.550 ( 111.133 )
1430.000 ( 12.186 ) 1516.100 ( 29.355 ) 1776.825 ( 14.662 ) 2297.300 ( 147.698 )
1430.000 ( 12.186 ) 1525.150 ( 27.387 ) 1772.162 ( 11.258 ) 2294.650 ( 111.165 )
1430.000 ( 12.186 ) 1517.000 ( 30.890 ) 1776.044 ( 12.486 ) 2265.200 ( 93.978 )
1430.000 ( 12.186 ) 1530.850 ( 28.341 ) 1778.487 ( 14.959 ) 2296.900 ( 113.772 )
1430.000 ( 12.186 ) 1520.900 ( 32.368 ) 1780.824 ( 16.148 ) 2253.650 ( 94.148 )
1430.000 ( 12.186 ) 1523.200 ( 16.705 ) 1780.936 ( 13.608 ) 2254.550 ( 80.604 )
1430.000 ( 12.186 ) 1541.400 ( 28.035 ) 1783.998 ( 8.941 ) 2340.550 ( 106.897 )
1430.000 ( 12.186 ) 1517.750 ( 33.584 ) 1779.653 ( 13.969 ) 2315.450 ( 166.721 )
1430.000 ( 12.186 ) 1525.100 ( 29.577 ) 1776.303 ( 16.154 ) 2265.700 ( 117.583 )
1430.000 ( 12.186 ) 1523.100 ( 24.478 ) 1780.094 ( 9.365 ) 2287.700 ( 114.098 )
1426.700 ( 16.013 ) 1509.450 ( 43.372 ) 1777.249 ( 14.158 ) 2278.800 ( 114.586 )
1425.350 ( 16.877 ) 1520.100 ( 35.011 ) 1776.525 ( 9.871 ) 2270.700 ( 92.148 )
1425.350 ( 16.877 ) 1517.050 ( 32.132 ) 1777.112 ( 12.222 ) 2243.150 ( 87.096 )
1425.350 ( 16.877 ) 1526.950 ( 29.480 ) 1781.579 ( 18.694 ) 2288.250 ( 108.737 )
1425.350 ( 16.877 ) 1519.900 ( 26.361 ) 1767.490 ( 18.288 ) 2242.300 ( 140.068 )
1424.900 ( 16.269 ) 1517.700 ( 33.647 ) 1774.031 ( 12.465 ) 2270.250 ( 138.711 )
1424.900 ( 16.269 ) 1514.800 ( 31.565 ) 1777.488 ( 12.174 ) 2296.450 ( 100.325 )
1424.900 ( 16.269 ) 1524.900 ( 28.165 ) 1780.806 ( 11.815 ) 2354.850 ( 108.389 )
1424.900 ( 16.269 ) 1518.200 ( 35.178 ) 1778.451 ( 15.241 ) 2270.800 ( 89.837 )
1424.650 ( 16.026 ) 1503.600 ( 36.778 ) 1780.509 ( 14.545 ) 2274.750 ( 109.544 )
1424.650 ( 16.026 ) 1518.450 ( 25.210 ) 1772.898 ( 14.690 ) 2259.500 ( 118.803 )
1424.650 ( 16.026 ) 1524.550 ( 24.076 ) 1775.073 ( 11.978 ) 2263.300 ( 91.580 )
1424.650 ( 16.026 ) 1515.850 ( 35.404 ) 1780.606 ( 13.541 ) 2256.550 ( 117.316 )
1424.650 ( 16.026 ) 1533.050 ( 26.091 ) 1782.350 ( 14.613 ) 2274.900 ( 121.491 )
1424.650 ( 16.026 ) 1518.650 ( 28.210 ) 1782.697 ( 14.490 ) 2301.850 ( 160.308 )
1424.650 ( 16.026 ) 1514.000 ( 30.571 ) 1777.678 ( 12.012 ) 2257.050 ( 106.768 )
1424.650 ( 16.026 ) 1531.100 ( 21.943 ) 1775.344 ( 17.417 ) 2290.600 ( 125.404 )
1424.650 ( 16.026 ) 1522.450 ( 26.227 ) 1778.609 ( 13.349 ) 2278.350 ( 91.792 )
1424.600 ( 16.039 ) 1503.350 ( 33.317 ) 1781.888 ( 12.367 ) 2319.400 ( 141.946 )
1424.600 ( 16.039 ) 1520.300 ( 26.384 ) 1777.066 ( 13.604 ) 2286.300 ( 167.081 )
1424.600 ( 16.039 ) 1527.450 ( 28.204 ) 1779.977 ( 7.999 ) 2255.150 ( 74.107 )
1424.600 ( 16.039 ) 1507.950 ( 37.473 ) 1783.173 ( 19.327 ) 2289.200 ( 140.277 )
1424.600 ( 16.039 ) 1520.800 ( 30.605 ) 1774.715 ( 15.667 ) 2344.150 ( 164.712 )
1424.600 ( 16.039 ) 1530.950 ( 28.111 ) 1779.765 ( 16.619 ) 2250.300 ( 130.090 )
1424.600 ( 16.039 ) 1515.600 ( 36.263 ) 1779.016 ( 15.432 ) 2296.850 ( 134.774 )
1424.600 ( 16.039 ) 1518.950 ( 30.926 ) 1780.472 ( 18.559 ) 2329.550 ( 93.373 )
1424.600 ( 16.039 ) 1514.550 ( 34.221 ) 1776.288 ( 16.704 ) 2280.750 ( 121.348 )
1424.600 ( 16.039 ) 1509.100 ( 28.601 ) 1775.872 ( 16.164 ) 2246.150 ( 118.169 )
1424.600 ( 16.039 ) 1525.900 ( 34.900 ) 1779.525 ( 15.913 ) 2270.150 ( 87.006 )
1424.600 ( 16.039 ) 1532.550 ( 22.875 ) 1780.760 ( 13.062 ) 2254.350 ( 95.867 )
1424.600 ( 16.039 ) 1524.650 ( 19.948 ) 1774.583 ( 14.315 ) 2282.150 ( 107.284 )
1424.600 ( 16.039 ) 1519.600 ( 29.748 ) 1777.565 ( 16.341 ) 2313.200 ( 184.749 )
1424.600 ( 16.039 ) 1519.950 ( 34.992 ) 1783.423 ( 14.306 ) 2320.750 ( 125.957 )
1424.600 ( 16.039 ) 1518.300 ( 24.376 ) 1781.958 ( 14.558 ) 2277.500 ( 82.363 )
1424.500 ( 15.936 ) 1518.050 ( 31.827 ) 1777.567 ( 14.737 ) 2289.500 ( 92.924 )
1424.500 ( 15.936 ) 1525.250 ( 20.907 ) 1785.950 ( 18.016 ) 2404.050 ( 253.456 )
1424.500 ( 15.936 ) 1513.100 ( 29.553 ) 1777.469 ( 12.621 ) 2309.400 ( 137.577 )
1424.200 ( 15.867 ) 1517.700 ( 32.173 ) 1781.945 ( 12.237 ) 2291.100 ( 109.997 )
1424.200 ( 15.867 ) 1519.750 ( 25.649 ) 1774.939 ( 12.694 ) 2255.900 ( 105.527 )
1424.200 ( 15.867 ) 1516.000 ( 34.560 ) 1781.555 ( 18.086 ) 2299.800 ( 153.038 )
1423.950 ( 15.702 ) 1523.700 ( 38.040 ) 1781.371 ( 15.476 ) 2306.700 ( 102.075 )
1423.950 ( 15.702 ) 1532.250 ( 22.459 ) 1783.430 ( 15.058 ) 2259.150 ( 103.686 )
1423.950 ( 15.702 ) 1525.250 ( 23.456 ) 1781.851 ( 14.476 ) 2337.250 ( 131.929 )
1423.950 ( 15.702 ) 1518.400 ( 18.570 ) 1777.508 ( 11.445 ) 2287.900 ( 126.025 )
1423.950 ( 15.702 ) 1524.250 ( 21.244 ) 1782.208 ( 11.397 ) 2316.300 ( 75.256 )
1423.950 ( 15.702 ) 1503.700 ( 27.590 ) 1776.161 ( 16.129 ) 2311.800 ( 176.896 )
1423.950 ( 15.702 ) 1523.050 ( 26.863 ) 1781.334 ( 11.740 ) 2302.100 ( 134.622 )
1421.800 ( 16.810 ) 1508.200 ( 35.438 ) 1779.731 ( 17.012 ) 2281.050 ( 151.844 )
1421.800 ( 16.810 ) 1511.750 ( 25.191 ) 1783.284 ( 15.700 ) 2306.650 ( 187.729 )
1421.800 ( 16.810 ) 1524.450 ( 27.327 ) 1780.153 ( 10.162 ) 2301.300 ( 97.431 )
1421.800 ( 16.810 ) 1512.200 ( 38.320 ) 1786.818 ( 15.348 ) 2351.950 ( 168.144 )
1421.800 ( 16.810 ) 1511.800 ( 37.511 ) 1777.960 ( 12.341 ) 2356.550 ( 179.523 )
1421.800 ( 16.810 ) 1524.650 ( 27.501 ) 1782.504 ( 20.412 ) 2322.550 ( 165.220 )
1421.800 ( 16.810 ) 1510.000 ( 28.098 ) 1779.001 ( 15.053 ) 2298.850 ( 155.340 )
1421.800 ( 16.810 ) 1523.750 ( 22.111 ) 1783.665 ( 15.977 ) 2293.750 ( 134.143 )
1421.800 ( 16.810 ) 1520.750 ( 26.567 ) 1780.332 ( 13.968 ) 2274.550 ( 105.166 )
1421.800 ( 16.810 ) 1529.750 ( 19.649 ) 1781.580 ( 14.842 ) 2304.850 ( 142.899 )
1421.800 ( 16.810 ) 1529.900 ( 24.712 ) 1776.837 ( 21.741 ) 2306.150 ( 148.579 )
1421.800 ( 16.810 ) 1522.800 ( 30.747 ) 1783.084 ( 12.921 ) 2323.100 ( 125.330 )
1421.800 ( 16.810 ) 1515.250 ( 30.131 ) 1775.160 ( 10.572 ) 2316.150 ( 129.204 )
1421.800 ( 16.810 ) 1526.100 ( 31.095 ) 1780.950 ( 13.569 ) 2299.700 ( 136.024 )
1421.800 ( 16.810 ) 1521.500 ( 35.820 ) 1786.024 ( 17.686 ) 2354.150 ( 100.073 )
1421.800 ( 16.810 ) 1527.450 ( 28.053 ) 1781.331 ( 12.918 ) 2274.250 ( 102.238 )
1421.800 ( 16.810 ) 1509.950 ( 38.712 ) 1787.891 ( 13.767 ) 2327.050 ( 146.369 )
1420.250 ( 16.580 ) 1515.500 ( 38.006 ) 1784.232 ( 14.033 ) 2292.050 ( 115.197 )
1420.250 ( 16.580 ) 1529.050 ( 28.118 ) 1777.795 ( 12.877 ) 2342.550 ( 162.600 )
1420.250 ( 16.580 ) 1517.350 ( 21.167 ) 1776.024 ( 13.079 ) 2279.050 ( 87.243 )
1420.250 ( 16.580 ) 1519.950 ( 33.627 ) 1780.501 ( 15.085 ) 2291.000 ( 136.599 )
1420.250 ( 16.580 ) 1517.200 ( 27.103 ) 1781.044 ( 15.594 ) 2273.550 ( 126.305 )
1420.250 ( 16.580 ) 1521.250 ( 24.433 ) 1777.280 ( 14.337 ) 2277.950 ( 117.150 )
1420.250 ( 16.580 ) 1525.450 ( 33.555 ) 1782.814 ( 17.308 ) 2344.600 ( 192.177 )
1420.250 ( 16.580 ) 1513.350 ( 29.982 ) 1781.200 ( 17.131 ) 2376.150 ( 177.745 )
1420.250 ( 16.580 ) 1511.350 ( 40.197 ) 1783.022 ( 19.031 ) 2314.800 ( 111.205 )
1420.250 ( 16.580 ) 1520.200 ( 26.953 ) 1781.842 ( 15.275 ) 2304.850 ( 88.056 )
1420.250 ( 16.580 ) 1519.600 ( 34.242 ) 1774.457 ( 14.074 ) 2242.950 ( 108.984 )
1420.250 ( 16.580 ) 1517.500 ( 28.607 ) 1783.477 ( 9.970 ) 2283.400 ( 131.541 )
1420.250 ( 16.580 ) 1521.750 ( 27.462 ) 1778.043 ( 15.622 ) 2289.400 ( 90.497 )
1420.250 ( 16.580 ) 1522.450 ( 22.868 ) 1781.922 ( 13.217 ) 2299.000 ( 151.243 )
1420.250 ( 16.580 ) 1536.400 ( 26.206 ) 1781.141 ( 11.590 ) 2279.450 ( 136.296 )
1420.250 ( 16.580 ) 1526.300 ( 32.344 ) 1777.540 ( 15.270 ) 2317.250 ( 119.844 )
1420.250 ( 16.580 ) 1528.100 ( 28.212 ) 1773.177 ( 19.434 ) 2266.900 ( 107.602 )
1420.250 ( 16.580 ) 1526.100 ( 41.015 ) 1784.434 ( 14.673 ) 2308.800 ( 161.639 )
1420.250 ( 16.580 ) 1524.200 ( 32.732 ) 1783.573 ( 13.791 ) 2260.300 ( 113.895 )
1420.250 ( 16.580 ) 1521.550 ( 28.038 ) 1780.591 ( 11.000 ) 2323.300 ( 148.682 )
1420.250 ( 16.580 ) 1513.800 ( 34.074 ) 1780.240 ( 13.897 ) 2258.800 ( 126.951 )
1420.250 ( 16.580 ) 1506.800 ( 34.555 ) 1774.562 ( 11.493 ) 2318.150 ( 138.489 )
1420.250 ( 16.580 ) 1521.950 ( 24.897 ) 1777.605 ( 15.279 ) 2324.700 ( 92.596 )
1420.250 ( 16.580 ) 1523.250 ( 31.149 ) 1779.161 ( 16.568 ) 2276.700 ( 109.817 )
1420.250 ( 16.580 ) 1527.200 ( 28.783 ) 1778.389 ( 11.227 ) 2248.100 ( 91.257 )
1420.250 ( 16.580 ) 1522.250 ( 29.996 ) 1778.161 ( 13.319 ) 2300.300 ( 86.149 )
1420.250 ( 16.580 ) 1524.950 ( 26.068 ) 1780.171 ( 11.719 ) 2284.200 ( 95.798 )
1420.250 ( 16.580 ) 1515.750 ( 27.723 ) 1781.342 ( 15.237 ) 2238.950 ( 91.992 )
1420.250 ( 16.580 ) 1517.950 ( 23.021 ) 1779.324 ( 18.295 ) 2358.150 ( 184.774 )
1420.250 ( 16.580 ) 1526.950 ( 27.207 ) 1784.667 ( 21.508 ) 2342.100 ( 140.310 )
1420.250 ( 16.580 ) 1508.850 ( 27.293 ) 1780.241 ( 11.768 ) 2284.200 ( 86.648 )
1420.250 ( 16.580 ) 1513.350 ( 35.367 ) 1775.450 ( 14.940 ) 2302.450 ( 187.595 )
1420.250 ( 16.580 ) 1522.300 ( 23.393 ) 1779.083 ( 12.234 ) 2264.800 ( 117.662 )
1420.250 ( 16.580 ) 1503.700 ( 36.748 ) 1777.200 ( 15.528 ) 2277.000 ( 141.422 )
1420.250 ( 16.580 ) 1527.350 ( 28.931 ) 1777.524 ( 10.830 ) 2285.350 ( 111.786 )
1420.250 ( 16.580 ) 1522.850 ( 21.740 ) 1781.928 ( 17.077 ) 2265.550 ( 116.666 )
1420.250 ( 16.580 ) 1513.750 ( 23.477 ) 1785.561 ( 12.760 ) 2349.450 ( 133.653 )
1420.250 ( 16.580 ) 1520.050 ( 30.296 ) 1786.002 ( 15.050 ) 2315.100 ( 119.169 )
1420.250 ( 16.580 ) 1527.500 ( 25.127 ) 1780.763 ( 12.237 ) 2296.100 ( 140.135 )
1420.250 ( 16.580 ) 1524.750 ( 35.631 ) 1778.768 ( 9.808 ) 2282.100 ( 102.908 )
1420.250 ( 16.580 ) 1520.100 ( 30.906 ) 1784.764 ( 13.970 ) 2342.350 ( 95.089 )
1420.250 ( 16.580 ) 1523.650 ( 37.255 ) 1780.469 ( 18.921 ) 2280.750 ( 94.528 )
1420.250 ( 16.580 ) 1527.600 ( 29.420 ) 1783.134 ( 17.580 ) 2313.250 ( 115.841 )
1420.250 ( 16.580 ) 1520.700 ( 26.881 ) 1783.207 ( 11.778 ) 2364.600 ( 182.366 )
1420.250 ( 16.580 ) 1518.650 ( 32.561 ) 1782.231 ( 15.072 ) 2306.650 ( 124.295 )
1420.250 ( 16.580 ) 1525.900 ( 20.127 ) 1778.326 ( 14.424 ) 2362.800 ( 144.274 )
1420.250 ( 16.580 ) 1519.600 ( 28.689 ) 1778.305 ( 14.809 ) 2297.950 ( 141.882 )
1420.250 ( 16.580 ) 1526.200 ( 30.480 ) 1783.017 ( 16.249 ) 2299.650 ( 129.625 )
1420.250 ( 16.580 ) 1522.650 ( 33.559 ) 1780.644 ( 14.434 ) 2299.200 ( 96.690 )
1420.250 ( 16.580 ) 1513.550 ( 28.519 ) 1774.662 ( 13.221 ) 2292.750 ( 117.590 )
1420.250 ( 16.580 ) 1507.900 ( 40.209 ) 1783.379 ( 14.717 ) 2316.250 ( 139.282 )
1420.250 ( 16.580 ) 1523.800 ( 29.869 ) 1784.168 ( 13.021 ) 2265.000 ( 86.903 )
1420.250 ( 16.580 ) 1517.150 ( 32.915 ) 1779.903 ( 9.727 ) 2304.800 ( 127.575 )
1420.250 ( 16.580 ) 1511.650 ( 35.900 ) 1774.374 ( 16.303 ) 2262.550 ( 85.079 )
1420.250 ( 16.580 ) 1518.000 ( 31.345 ) 1777.795 ( 16.287 ) 2308.350 ( 141.158 )
1420.250 ( 16.580 ) 1521.850 ( 20.222 ) 1775.465 ( 14.701 ) 2281.600 ( 131.121 )
1420.250 ( 16.580 ) 1525.400 ( 30.019 ) 1779.163 ( 16.536 ) 2306.200 ( 147.848 )
1420.250 ( 16.580 ) 1514.250 ( 35.304 ) 1778.837 ( 16.401 ) 2342.450 ( 108.470 )
1417.050 ( 18.522 ) 1521.200 ( 41.127 ) 1783.959 ( 14.541 ) 2341.600 ( 146.208 )
1417.050 ( 18.522 ) 1514.050 ( 28.419 ) 1774.272 ( 14.123 ) 2297.850 ( 116.987 )
1417.050 ( 18.522 ) 1517.250 ( 33.016 ) 1783.266 ( 17.469 ) 2316.050 ( 122.502 )
1417.050 ( 18.522 ) 1515.000 ( 22.713 ) 1777.799 ( 12.696 ) 2336.350 ( 164.854 )
1417.050 ( 18.522 ) 1516.200 ( 35.251 ) 1779.829 ( 12.729 ) 2335.000 ( 143.029 )
1417.050 ( 18.522 ) 1524.350 ( 23.697 ) 1782.459 ( 14.763 ) 2296.900 ( 119.850 )
1417.050 ( 18.522 ) 1516.600 ( 26.921 ) 1775.135 ( 14.542 ) 2248.650 ( 111.165 )
1417.050 ( 18.522 ) 1515.000 ( 21.394 ) 1777.208 ( 17.454 ) 2331.500 ( 160.794 )
1417.050 ( 18.522 ) 1512.850 ( 39.046 ) 1781.001 ( 19.515 ) 2305.150 ( 160.876 )
1417.050 ( 18.522 ) 1521.500 ( 26.257 ) 1782.450 ( 13.965 ) 2340.250 ( 146.056 )
1417.050 ( 18.522 ) 1519.050 ( 33.168 ) 1784.638 ( 19.168 ) 2352.400 ( 143.932 )
1417.050 ( 18.522 ) 1526.150 ( 22.824 ) 1776.515 ( 15.394 ) 2299.300 ( 151.435 )
1417.050 ( 18.522 ) 1516.750 ( 32.721 ) 1779.804 ( 13.505 ) 2303.700 ( 123.073 )
1417.050 ( 18.522 ) 1518.500 ( 32.007 ) 1780.929 ( 14.489 ) 2305.450 ( 168.651 )
1417.050 ( 18.522 ) 1524.250 ( 19.377 ) 1781.199 ( 11.289 ) 2302.850 ( 100.054 )
1417.050 ( 18.522 ) 1517.300 ( 31.436 ) 1779.989 ( 12.172 ) 2253.350 ( 113.093 )
1417.050 ( 18.522 ) 1516.550 ( 33.881 ) 1786.215 ( 13.380 ) 2317.350 ( 108.563 )
1417.050 ( 18.522 ) 1518.850 ( 29.657 ) 1784.995 ( 14.723 ) 2288.600 ( 110.021 )
1417.050 ( 18.522 ) 1528.550 ( 32.071 ) 1779.652 ( 12.485 ) 2314.900 ( 118.141 )
1417.050 ( 18.522 ) 1526.400 ( 26.560 ) 1785.589 ( 17.205 ) 2319.250 ( 161.384 )
1417.050 ( 18.522 ) 1515.350 ( 33.741 ) 1784.838 ( 17.735 ) 2297.950 ( 113.537 )
1417.050 ( 18.522 ) 1513.600 ( 25.841 ) 1776.569 ( 13.871 ) 2302.450 ( 101.028 )
1417.050 ( 18.522 ) 1505.300 ( 36.605 ) 1773.270 ( 13.897 ) 2301.850 ( 129.900 )
1417.050 ( 18.522 ) 1523.600 ( 27.850 ) 1777.684 ( 14.088 ) 2291.600 ( 131.870 )
1417.050 ( 18.522 ) 1517.100 ( 26.525 ) 1775.617 ( 13.887 ) 2328.600 ( 123.806 )
1417.050 ( 18.522 ) 1515.400 ( 32.653 ) 1784.444 ( 11.367 ) 2258.500 ( 105.968 )
1417.050 ( 18.522 ) 1526.500 ( 27.147 ) 1773.581 ( 18.120 ) 2248.600 ( 99.274 )
1417.050 ( 18.522 ) 1527.300 ( 27.465 ) 1785.482 ( 13.529 ) 2354.050 ( 169.641 )
1417.050 ( 18.522 ) 1520.000 ( 30.028 ) 1774.459 ( 12.322 ) 2354.600 ( 171.898 )
1417.050 ( 18.522 ) 1518.050 ( 33.889 ) 1776.291 ( 15.729 ) 2286.950 ( 103.240 )
1417.050 ( 18.522 ) 1509.500 ( 31.624 ) 1781.430 ( 17.628 ) 2320.900 ( 141.625 )
1417.050 ( 18.522 ) 1519.250 ( 32.971 ) 1778.558 ( 15.403 ) 2304.100 ( 110.629 )
1417.050 ( 18.522 ) 1519.050 ( 32.299 ) 1777.583 ( 12.169 ) 2306.450 ( 101.980 )
1417.050 ( 18.522 ) 1509.850 ( 31.508 ) 1778.197 ( 12.923 ) 2271.950 ( 115.508 )
1417.050 ( 18.522 ) 1528.150 ( 25.482 ) 1780.480 ( 14.592 ) 2282.450 ( 108.515 )
1417.050 ( 18.522 ) 1525.300 ( 33.302 ) 1775.997 ( 17.327 ) 2257.700 ( 102.768 )
1417.050 ( 18.522 ) 1518.600 ( 43.036 ) 1777.881 ( 16.473 ) 2268.650 ( 112.594 )
1417.050 ( 18.522 ) 1528.950 ( 28.225 ) 1780.905 ( 15.520 ) 2309.600 ( 125.427 )
1417.050 ( 18.522 ) 1516.300 ( 14.701 ) 1780.748 ( 16.020 ) 2268.700 ( 115.170 )
1416.600 ( 18.260 ) 1514.050 ( 34.720 ) 1778.027 ( 15.706 ) 2314.100 ( 156.306 )
1416.600 ( 18.260 ) 1521.400 ( 25.529 ) 1777.996 ( 18.357 ) 2294.400 ( 92.253 )
1416.600 ( 18.260 ) 1521.850 ( 24.882 ) 1774.922 ( 13.693 ) 2339.150 ( 199.066 )
1416.600 ( 18.260 ) 1516.400 ( 27.290 ) 1770.626 ( 14.281 ) 2256.800 ( 92.899 )
1416.600 ( 18.260 ) 1525.700 ( 26.672 ) 1777.374 ( 12.163 ) 2286.250 ( 127.692 )
1416.600 ( 18.260 ) 1526.000 ( 30.480 ) 1777.866 ( 18.100 ) 2296.350 ( 124.793 )
1416.350 ( 17.984 ) 1502.800 ( 40.097 ) 1779.787 ( 12.809 ) 2300.100 ( 106.250 )
1416.350 ( 17.984 ) 1527.900 ( 32.106 ) 1783.582 ( 18.844 ) 2252.600 ( 88.687 )
1416.350 ( 17.984 ) 1534.700 ( 27.738 ) 1783.207 ( 12.379 ) 2262.850 ( 99.881 )
1416.350 ( 17.984 ) 1517.200 ( 36.324 ) 1785.439 ( 14.556 ) 2306.250 ( 94.962 )
1416.350 ( 17.984 ) 1520.750 ( 31.298 ) 1782.320 ( 11.404 ) 2318.050 ( 118.543 )
1416.350 ( 17.984 ) 1534.100 ( 19.193 ) 1774.466 ( 12.941 ) 2305.550 ( 124.507 )
1416.350 ( 17.984 ) 1518.750 ( 33.133 ) 1780.085 ( 10.543 ) 2299.000 ( 110.840 )
1414.500 ( 17.560 ) 1512.800 ( 41.629 ) 1779.727 ( 17.430 ) 2312.950 ( 139.296 )
1414.500 ( 17.560 ) 1531.500 ( 23.991 ) 1783.651 ( 14.077 ) 2313.150 ( 99.351 )
1414.500 ( 17.560 ) 1511.200 ( 35.952 ) 1779.467 ( 15.967 ) 2326.450 ( 173.111 )
1414.500 ( 17.560 ) 1522.050 ( 35.621 ) 1780.237 ( 15.039 ) 2329.550 ( 130.238 )
1414.500 ( 17.560 ) 1525.150 ( 23.124 ) 1781.467 ( 15.126 ) 2281.950 ( 105.987 )
1414.500 ( 17.560 ) 1528.900 ( 31.300 ) 1784.670 ( 12.720 ) 2306.100 ( 102.714 )
1414.500 ( 17.560 ) 1507.500 ( 30.253 ) 1780.184 ( 14.599 ) 2264.600 ( 88.711 )
1414.500 ( 17.560 ) 1521.550 ( 20.269 ) 1781.555 ( 12.177 ) 2336.850 ( 157.442 )
1414.500 ( 17.560 ) 1529.200 ( 26.068 ) 1781.240 ( 16.611 ) 2314.350 ( 133.689 )
1414.500 ( 17.560 ) 1520.850 ( 26.945 ) 1770.999 ( 15.703 ) 2259.050 ( 102.514 )
1414.500 ( 17.560 ) 1515.150 ( 30.599 ) 1779.588 ( 10.813 ) 2305.000 ( 118.651 )
1414.500 ( 17.560 ) 1513.950 ( 21.634 ) 1781.611 ( 12.728 ) 2328.450 ( 162.748 )
1414.500 ( 17.560 ) 1517.250 ( 27.959 ) 1784.382 ( 17.151 ) 2273.200 ( 70.433 )
1414.500 ( 17.560 ) 1520.350 ( 34.162 ) 1782.432 ( 12.511 ) 2303.150 ( 143.569 )
1414.500 ( 17.560 ) 1520.450 ( 32.009 ) 1779.184 ( 15.001 ) 2268.050 ( 139.989 )
1414.500 ( 17.560 ) 1523.850 ( 30.868 ) 1785.942 ( 13.192 ) 2299.950 ( 149.240 )
1414.500 ( 17.560 ) 1519.650 ( 30.689 ) 1785.133 ( 12.838 ) 2314.550 ( 144.451 )
1414.500 ( 17.560 ) 1518.450 ( 34.705 ) 1776.302 ( 17.567 ) 2260.750 ( 101.686 )
1414.500 ( 17.560 ) 1522.650 ( 30.506 ) 1780.091 ( 14.390 ) 2292.100 ( 158.689 )
1414.500 ( 17.560 ) 1521.100 ( 27.745 ) 1779.303 ( 15.402 ) 2275.600 ( 116.547 )
1414.500 ( 17.560 ) 1507.900 ( 36.410 ) 1782.650 ( 15.001 ) 2328.450 ( 127.220 )
1414.500 ( 17.560 ) 1524.250 ( 31.654 ) 1786.112 ( 13.687 ) 2317.150 ( 120.972 )
1414.500 ( 17.560 ) 1526.600 ( 27.209 ) 1778.900 ( 16.179 ) 2301.900 ( 157.882 )
1414.500 ( 17.560 ) 1509.300 ( 43.126 ) 1780.222 ( 16.160 ) 2310.500 ( 150.469 )
1414.500 ( 17.560 ) 1508.200 ( 27.420 ) 1779.364 ( 14.125 ) 2315.800 ( 114.405 )
1414.500 ( 17.560 ) 1527.650 ( 25.811 ) 1782.711 ( 12.394 ) 2321.350 ( 138.464 )
1414.500 ( 17.560 ) 1523.600 ( 23.534 ) 1778.546 ( 12.733 ) 2278.600 ( 118.682 )
1413.700 ( 17.196 ) 1523.300 ( 32.933 ) 1777.969 ( 11.346 ) 2316.250 ( 99.598 )
1413.700 ( 17.196 ) 1520.100 ( 31.451 ) 1783.378 ( 14.292 ) 2311.400 ( 73.694 )
1413.700 ( 17.196 ) 1526.050 ( 28.985 ) 1779.651 ( 12.119 ) 2346.000 ( 128.725 )
1413.700 ( 17.196 ) 1524.300 ( 28.215 ) 1780.331 ( 11.157 ) 2314.150 ( 71.956 )
1413.700 ( 17.196 ) 1518.750 ( 33.199 ) 1781.682 ( 12.849 ) 2348.050 ( 137.930 )
1413.700 ( 17.196 ) 1533.100 ( 34.367 ) 1779.130 ( 13.047 ) 2287.000 ( 83.052 )
1413.700 ( 17.196 ) 1523.400 ( 31.471 ) 1786.240 ( 19.628 ) 2279.350 ( 84.821 )
1413.700 ( 17.196 ) 1524.550 ( 28.767 ) 1776.070 ( 13.068 ) 2292.950 ( 100.645 )
1413.700 ( 17.196 ) 1525.300 ( 24.131 ) 1773.481 ( 11.243 ) 2289.100 ( 167.867 )
1413.700 ( 17.196 ) 1521.450 ( 29.578 ) 1777.141 ( 17.460 ) 2206.500 ( 67.566 )
1413.700 ( 17.196 ) 1518.650 ( 31.787 ) 1782.087 ( 15.448 ) 2278.100 ( 103.936 )
1413.700 ( 17.196 ) 1520.800 ( 25.514 ) 1781.453 ( 11.971 ) 2333.350 ( 145.009 )
1413.700 ( 17.196 ) 1508.300 ( 35.759 ) 1782.240 ( 10.917 ) 2348.450 ( 173.938 )
1413.700 ( 17.196 ) 1523.700 ( 25.503 ) 1780.144 ( 14.726 ) 2296.950 ( 143.516 )
1413.700 ( 17.196 ) 1518.550 ( 25.083 ) 1782.678 ( 16.794 ) 2400.950 ( 176.634 )
1413.700 ( 17.196 ) 1518.900 ( 33.783 ) 1784.648 ( 15.127 ) 2283.100 ( 111.744 )
1413.100 ( 17.000 ) 1508.850 ( 34.168 ) 1776.658 ( 12.221 ) 2271.250 ( 154.779 )
1413.100 ( 17.000 ) 1525.500 ( 34.321 ) 1788.508 ( 14.366 ) 2361.500 ( 127.820 )
1413.100 ( 17.000 ) 1507.500 ( 43.674 ) 1772.169 ( 12.157 ) 2314.150 ( 105.774 )
1413.100 ( 17.000 ) 1524.650 ( 28.529 ) 1779.317 ( 15.362 ) 2303.500 ( 99.854 )
1413.100 ( 17.000 ) 1529.150 ( 23.191 ) 1781.891 ( 13.750 ) 2342.500 ( 143.077 )
1412.550 ( 16.451 ) 1514.200 ( 37.132 ) 1789.471 ( 17.051 ) 2342.650 ( 140.015 )
1412.550 ( 16.451 ) 1525.700 ( 24.125 ) 1779.996 ( 15.986 ) 2259.800 ( 98.337 )
1412.550 ( 16.451 ) 1515.300 ( 25.050 ) 1776.419 ( 11.210 ) 2290.550 ( 99.664 )
1412.550 ( 16.451 ) 1522.150 ( 27.784 ) 1782.366 ( 14.462 ) 2306.300 ( 149.539 )
1412.550 ( 16.451 ) 1525.700 ( 34.658 ) 1778.199 ( 12.410 ) 2275.250 ( 78.887 )
1411.800 ( 16.253 ) 1513.700 ( 41.503 ) 1778.314 ( 15.697 ) 2278.150 ( 129.087 )
1410.050 ( 16.827 ) 1507.500 ( 46.041 ) 1781.045 ( 12.789 ) 2279.200 ( 122.635 )
1410.050 ( 16.827 ) 1526.150 ( 29.109 ) 1778.447 ( 17.653 ) 2266.950 ( 127.326 )
1410.050 ( 16.827 ) 1519.250 ( 24.267 ) 1777.044 ( 11.026 ) 2278.800 ( 107.763 )
1410.050 ( 16.827 ) 1513.500 ( 27.834 ) 1780.376 ( 18.189 ) 2334.250 ( 159.656 )
1410.050 ( 16.827 ) 1524.900 ( 38.814 ) 1781.951 ( 12.004 ) 2318.000 ( 144.565 )
1410.050 ( 16.827 ) 1522.300 ( 30.808 ) 1785.424 ( 13.862 ) 2313.950 ( 110.684 )
1410.050 ( 16.827 ) 1511.550 ( 28.250 ) 1783.476 ( 19.672 ) 2311.950 ( 110.077 )
1410.050 ( 16.827 ) 1519.050 ( 37.621 ) 1777.543 ( 18.038 ) 2315.750 ( 113.336 )
1410.050 ( 16.827 ) 1516.150 ( 24.350 ) 1775.731 ( 17.192 ) 2258.900 ( 128.730 )
1410.050 ( 16.827 ) 1515.100 ( 27.124 ) 1782.803 ( 12.345 ) 2300.600 ( 117.592 )
1409.600 ( 16.862 ) 1525.250 ( 40.470 ) 1781.684 ( 16.284 ) 2304.500 ( 156.989 )
1409.600 ( 16.862 ) 1525.100 ( 26.115 ) 1784.412 ( 15.440 ) 2294.000 ( 102.393 )
1409.600 ( 16.862 ) 1523.250 ( 32.135 ) 1784.448 ( 13.262 ) 2335.350 ( 147.610 )
1409.600 ( 16.862 ) 1524.200 ( 32.307 ) 1781.472 ( 8.682 ) 2289.450 ( 116.785 )
1409.550 ( 16.889 ) 1509.900 ( 37.517 ) 1782.480 ( 11.835 ) 2320.450 ( 174.811 )
1409.550 ( 16.889 ) 1513.450 ( 36.497 ) 1776.662 ( 12.979 ) 2290.700 ( 115.500 )
1409.550 ( 16.889 ) 1537.350 ( 27.543 ) 1778.432 ( 16.963 ) 2285.650 ( 116.205 )
1409.550 ( 16.889 ) 1519.450 ( 26.735 ) 1776.842 ( 13.345 ) 2322.250 ( 143.021 )
1409.550 ( 16.889 ) 1520.950 ( 35.815 ) 1778.688 ( 14.745 ) 2334.900 ( 137.144 )
1409.550 ( 16.889 ) 1514.000 ( 31.612 ) 1782.537 ( 14.347 ) 2321.750 ( 136.947 )
1409.550 ( 16.889 ) 1522.200 ( 30.230 ) 1782.283 ( 10.339 ) 2297.700 ( 116.760 )
1409.550 ( 16.889 ) 1520.700 ( 21.485 ) 1777.023 ( 15.293 ) 2268.550 ( 123.557 )
1409.550 ( 16.889 ) 1513.700 ( 28.307 ) 1779.522 ( 10.481 ) 2330.100 ( 83.420 )
1409.550 ( 16.889 ) 1510.250 ( 31.418 ) 1778.072 ( 19.656 ) 2269.950 ( 130.946 )
1409.550 ( 16.889 ) 1522.950 ( 27.734 ) 1785.058 ( 15.784 ) 2311.300 ( 121.076 )
1409.550 ( 16.889 ) 1520.100 ( 40.319 ) 1778.858 ( 8.811 ) 2239.250 ( 101.453 )
1409.550 ( 16.889 ) 1510.000 ( 39.484 ) 1786.627 ( 12.869 ) 2295.250 ( 98.344 )
1409.550 ( 16.889 ) 1517.050 ( 27.242 ) 1777.753 ( 13.878 ) 2285.650 ( 57.449 )
1409.550 ( 16.889 ) 1532.050 ( 24.985 ) 1778.717 ( 14.391 ) 2326.500 ( 137.343 )
1409.550 ( 16.889 ) 1529.100 ( 28.178 ) 1778.649 ( 16.244 ) 2287.550 ( 104.339 )
1409.550 ( 16.889 ) 1512.000 ( 27.214 ) 1775.476 ( 15.401 ) 2290.250 ( 91.935 )
1409.550 ( 16.889 ) 1520.500 ( 24.573 ) 1780.013 ( 12.957 ) 2306.550 ( 112.593 )
1409.550 ( 16.889 ) 1526.650 ( 25.466 ) 1783.606 ( 16.484 ) 2270.000 ( 118.820 )
1409.550 ( 16.889 ) 1514.850 ( 28.631 ) 1777.667 ( 13.602 ) 2278.350 ( 123.372 )
1409.550 ( 16.889 ) 1525.200 ( 34.664 ) 1787.052 ( 15.090 ) 2350.200 ( 149.907 )
1409.450 ( 16.869 ) 1506.550 ( 43.385 ) 1780.916 ( 15.128 ) 2354.600 ( 187.743 )
1409.450 ( 16.869 ) 1513.100 ( 32.891 ) 1778.537 ( 11.773 ) 2259.650 ( 99.575 )
1409.450 ( 16.869 ) 1520.500 ( 38.954 ) 1779.897 ( 18.216 ) 2308.600 ( 128.234 )
1409.450 ( 16.869 ) 1525.350 ( 29.328 ) 1784.692 ( 13.103 ) 2343.100 ( 141.686 )
1409.450 ( 16.869 ) 1516.400 ( 22.272 ) 1787.644 ( 13.008 ) 2329.250 ( 137.754 )
1409.450 ( 16.869 ) 1529.450 ( 29.615 ) 1780.751 ( 16.529 ) 2312.250 ( 129.814 )
1409.450 ( 16.869 ) 1515.700 ( 33.639 ) 1773.253 ( 12.713 ) 2236.850 ( 98.489 )
1409.450 ( 16.869 ) 1522.050 ( 24.084 ) 1781.142 ( 13.089 ) 2310.500 ( 127.307 )
1409.450 ( 16.869 ) 1515.500 ( 25.792 ) 1775.515 ( 11.480 ) 2264.350 ( 92.196 )
1409.450 ( 16.869 ) 1521.500 ( 34.496 ) 1778.598 ( 16.093 ) 2263.800 ( 99.659 )
1409.450 ( 16.869 ) 1521.250 ( 24.182 ) 1779.946 ( 10.988 ) 2260.000 ( 76.538 )
1409.450 ( 16.869 ) 1522.600 ( 33.110 ) 1780.464 ( 13.794 ) 2315.600 ( 120.684 )
1409.450 ( 16.869 ) 1511.650 ( 23.146 ) 1777.151 ( 15.826 ) 2278.000 ( 97.649 )
1409.450 ( 16.869 ) 1520.050 ( 29.657 ) 1782.108 ( 12.885 ) 2300.000 ( 133.396 )
1409.450 ( 16.869 ) 1522.350 ( 23.756 ) 1778.300 ( 13.610 ) 2285.150 ( 102.940 )
1409.450 ( 16.869 ) 1525.300 ( 26.217 ) 1779.265 ( 8.334 ) 2252.250 ( 68.571 )
1409.450 ( 16.869 ) 1536.350 ( 25.009 ) 1784.076 ( 11.783 ) 2329.500 ( 148.894 )
1409.450 ( 16.869 ) 1511.900 ( 28.164 ) 1777.627 ( 15.925 ) 2330.150 ( 129.372 )
1409.450 ( 16.869 ) 1524.850 ( 24.109 ) 1777.195 ( 14.160 ) 2323.650 ( 193.939 )
1409.450 ( 16.869 ) 1521.000 ( 36.179 ) 1781.576 ( 17.151 ) 2306.900 ( 136.662 )
1409.450 ( 16.869 ) 1522.950 ( 28.923 ) 1785.200 ( 13.254 ) 2295.650 ( 142.673 )
1409.450 ( 16.869 ) 1523.350 ( 38.523 ) 1781.977 ( 12.302 ) 2333.850 ( 125.888 )
1409.450 ( 16.869 ) 1515.250 ( 36.372 ) 1773.343 ( 14.493 ) 2266.600 ( 121.825 )
1409.450 ( 16.869 ) 1514.000 ( 31.299 ) 1777.698 ( 13.665 ) 2274.300 ( 103.190 )
1409.450 ( 16.869 ) 1518.300 ( 28.093 ) 1779.044 ( 14.614 ) 2269.600 ( 107.357 )
1409.450 ( 16.869 ) 1516.400 ( 23.519 ) 1781.432 ( 12.577 ) 2285.250 ( 114.664 )
1409.450 ( 16.869 ) 1521.550 ( 34.555 ) 1776.523 ( 16.834 ) 2282.000 ( 118.677 )
1409.450 ( 16.869 ) 1516.000 ( 33.653 ) 1783.474 ( 17.424 ) 2310.000 ( 105.542 )
1409.450 ( 16.869 ) 1523.550 ( 28.591 ) 1783.139 ( 15.947 ) 2314.850 ( 125.325 )
1409.450 ( 16.869 ) 1511.100 ( 26.948 ) 1773.731 ( 18.187 ) 2262.850 ( 110.034 )
1409.450 ( 16.869 ) 1531.350 ( 23.819 ) 1782.945 ( 13.750 ) 2284.750 ( 108.012 )
1409.450 ( 16.869 ) 1513.400 ( 29.352 ) 1777.427 ( 13.112 ) 2326.850 ( 207.383 )
1409.450 ( 16.869 ) 1529.750 ( 32.918 ) 1780.122 ( 13.896 ) 2282.000 ( 90.447 )
1409.450 ( 16.869 ) 1525.800 ( 27.090 ) 1773.353 ( 11.788 ) 2261.650 ( 101.944 )
1409.450 ( 16.869 ) 1532.150 ( 26.361 ) 1778.223 ( 16.821 ) 2322.750 ( 156.309 )
1409.450 ( 16.869 ) 1524.150 ( 31.592 ) 1777.236 ( 14.137 ) 2295.850 ( 157.411 )
1409.450 ( 16.869 ) 1517.350 ( 30.689 ) 1777.919 ( 9.403 ) 2280.300 ( 91.056 )
1409.450 ( 16.869 ) 1527.850 ( 30.092 ) 1783.537 ( 16.433 ) 2361.350 ( 128.603 )
1409.450 ( 16.869 ) 1513.450 ( 37.117 ) 1780.230 ( 17.501 ) 2365.250 ( 156.702 )
1409.450 ( 16.869 ) 1522.600 ( 35.036 ) 1779.294 ( 12.205 ) 2276.250 ( 147.296 )
1409.450 ( 16.869 ) 1514.750 ( 31.295 ) 1782.926 ( 15.779 ) 2262.550 ( 93.832 )
1409.450 ( 16.869 ) 1521.150 ( 38.543 ) 1774.535 ( 11.141 ) 2248.550 ( 68.171 )
1409.450 ( 16.869 ) 1513.800 ( 31.216 ) 1775.692 ( 14.903 ) 2314.600 ( 120.080 )
1409.450 ( 16.869 ) 1521.200 ( 36.448 ) 1778.738 ( 15.306 ) 2302.700 ( 94.860 )
1409.450 ( 16.869 ) 1519.250 ( 22.336 ) 1777.048 ( 13.331 ) 2320.150 ( 112.391 )
1409.450 ( 16.869 ) 1512.100 ( 29.516 ) 1781.954 ( 9.481 ) 2322.800 ( 118.114 )
1409.450 ( 16.869 ) 1508.150 ( 31.427 ) 1775.635 ( 15.438 ) 2293.900 ( 81.620 )
1409.450 ( 16.869 ) 1506.750 ( 40.121 ) 1784.297 ( 14.588 ) 2301.200 ( 132.002 )
1409.450 ( 16.869 ) 1522.150 ( 17.622 ) 1775.248 ( 10.812 ) 2251.950 ( 106.478 )
1409.450 ( 16.869 ) 1531.300 ( 34.210 ) 1779.442 ( 15.328 ) 2289.050 ( 167.203 )
1409.450 ( 16.869 ) 1511.200 ( 24.893 ) 1782.567 ( 13.454 ) 2322.750 ( 109.851 )
1409.450 ( 16.869 ) 1525.400 ( 25.920 ) 1779.181 ( 11.815 ) 2357.450 ( 159.685 )
1409.450 ( 16.869 ) 1515.350 ( 30.616 ) 1777.395 ( 17.383 ) 2306.150 ( 137.933 )
1409.450 ( 16.869 ) 1520.150 ( 33.646 ) 1776.768 ( 15.802 ) 2292.900 ( 148.208 )
1409.450 ( 16.869 ) 1523.350 ( 24.977 ) 1778.580 ( 16.609 ) 2310.900 ( 102.290 )
1409.450 ( 16.869 ) 1523.800 ( 26.396 ) 1773.427 ( 9.268 ) 2297.750 ( 154.323 )
1409.450 ( 16.869 ) 1533.700 ( 33.345 ) 1778.814 ( 13.127 ) 2296.600 ( 114.838 )
1409.450 ( 16.869 ) 1530.100 ( 21.543 ) 1777.802 ( 14.538 ) 2282.000 ( 115.313 )
1409.450 ( 16.869 ) 1530.700 ( 30.213 ) 1782.201 ( 17.024 ) 2338.950 ( 154.623 )
1409.450 ( 16.869 ) 1531.600 ( 28.552 ) 1784.867 ( 17.551 ) 2297.400 ( 87.034 )
1409.450 ( 16.869 ) 1504.800 ( 25.091 ) 1778.202 ( 15.100 ) 2342.150 ( 155.652 )
1409.450 ( 16.869 ) 1531.400 ( 35.199 ) 1779.262 ( 19.501 ) 2283.050 ( 123.511 )
1409.450 ( 16.869 ) 1517.550 ( 31.096 ) 1780.018 ( 9.004 ) 2278.500 ( 117.260 )
1409.450 ( 16.869 ) 1525.200 ( 34.478 ) 1782.008 ( 17.031 ) 2310.150 ( 114.982 )
1409.450 ( 16.869 ) 1517.850 ( 25.738 ) 1780.522 ( 16.300 ) 2298.950 ( 122.584 )
1409.450 ( 16.869 ) 1525.150 ( 34.375 ) 1776.186 ( 18.721 ) 2266.750 ( 97.080 )
1408.950 ( 16.160 ) 1507.700 ( 46.694 ) 1780.646 ( 12.060 ) 2296.350 ( 112.028 )
1408.950 ( 16.160 ) 1519.200 ( 19.866 ) 1771.141 ( 20.063 ) 2269.300 ( 144.723 )
1408.950 ( 16.160 ) 1513.600 ( 26.602 ) 1776.138 ( 18.315 ) 2312.550 ( 139.449 )
1408.950 ( 16.160 ) 1526.550 ( 31.954 ) 1773.773 ( 13.841 ) 2258.300 ( 86.819 )
1408.950 ( 16.160 ) 1518.400 ( 34.711 ) 1778.322 ( 14.263 ) 2277.500 ( 87.076 )
1408.950 ( 16.160 ) 1521.400 ( 31.674 ) 1780.611 ( 11.983 ) 2340.050 ( 152.237 )
1408.950 ( 16.160 ) 1509.150 ( 30.216 ) 1776.791 ( 16.522 ) 2276.700 ( 115.974 )
1408.950 ( 16.160 ) 1519.950 ( 15.055 ) 1780.307 ( 15.848 ) 2254.450 ( 75.611 )
1408.950 ( 16.160 ) 1530.600 ( 32.630 ) 1777.434 ( 17.318 ) 2296.300 ( 146.012 )
1408.950 ( 16.160 ) 1519.100 ( 36.837 ) 1775.949 ( 14.511 ) 2270.000 ( 111.252 )
1408.950 ( 16.160 ) 1515.400 ( 25.033 ) 1780.022 ( 8.548 ) 2291.000 ( 91.995 )
1408.950 ( 16.160 ) 1517.900 ( 29.146 ) 1777.267 ( 12.301 ) 2301.700 ( 169.297 )
1408.600 ( 15.749 ) 1520.500 ( 37.919 ) 1785.478 ( 11.958 ) 2332.800 ( 81.674 )
1408.600 ( 15.749 ) 1512.250 ( 28.709 ) 1778.579 ( 17.758 ) 2262.850 ( 67.922 )
1408.600 ( 15.749 ) 1523.350 ( 22.139 ) 1782.049 ( 14.856 ) 2302.050 ( 119.085 )
1408.600 ( 15.749 ) 1514.450 ( 23.387 ) 1777.572 ( 12.847 ) 2323.100 ( 143.350 )
1408.600 ( 15.749 ) 1523.650 ( 28.244 ) 1778.195 ( 16.141 ) 2283.450 ( 124.350 )
1408.600 ( 15.749 ) 1518.950 ( 29.601 ) 1780.160 ( 15.231 ) 2301.900 ( 138.528 )
1408.600 ( 15.749 ) 1521.550 ( 25.740 ) 1775.842 ( 14.143 ) 2308.400 ( 139.282 )
1408.600 ( 15.749 ) 1521.800 ( 22.971 ) 1781.374 ( 11.458 ) 2302.450 ( 195.427 )
1408.600 ( 15.749 ) 1517.900 ( 27.050 ) 1781.137 ( 12.473 ) 2283.450 ( 103.113 )
1408.600 ( 15.749 ) 1519.100 ( 34.437 ) 1786.063 ( 11.690 ) 2306.800 ( 108.479 )
1408.600 ( 15.749 ) 1520.950 ( 26.990 ) 1779.746 ( 13.711 ) 2303.800 ( 137.849 )
1408.500 ( 15.664 ) 1506.550 ( 41.292 ) 1781.438 ( 17.806 ) 2324.550 ( 128.252 )
1408.500 ( 15.664 ) 1521.050 ( 29.150 ) 1775.607 ( 15.612 ) 2289.050 ( 150.568 )
1408.500 ( 15.664 ) 1517.000 ( 25.365 ) 1775.723 ( 20.842 ) 2309.050 ( 147.912 )
1408.500 ( 15.664 ) 1505.850 ( 33.076 ) 1783.862 ( 9.069 ) 2299.050 ( 156.800 )
1408.500 ( 15.664 ) 1516.100 ( 29.196 ) 1784.401 ( 13.237 ) 2296.550 ( 112.072 )
1408.500 ( 15.664 ) 1523.800 ( 29.318 ) 1779.043 ( 16.901 ) 2274.000 ( 125.117 )
1408.250 ( 15.501 ) 1525.500 ( 36.649 ) 1781.823 ( 12.414 ) 2268.400 ( 114.562 )
1408.250 ( 15.501 ) 1517.000 ( 30.622 ) 1780.468 ( 13.030 ) 2331.200 ( 134.936 )
1408.250 ( 15.501 ) 1514.850 ( 31.015 ) 1778.547 ( 11.972 ) 2332.400 ( 196.209 )
1408.250 ( 15.501 ) 1523.650 ( 27.281 ) 1779.636 ( 12.934 ) 2279.650 ( 112.248 )
1408.250 ( 15.501 ) 1516.750 ( 37.822 ) 1781.168 ( 18.393 ) 2255.350 ( 78.482 )
1408.250 ( 15.501 ) 1532.150 ( 26.667 ) 1782.019 ( 15.552 ) 2333.250 ( 122.507 )
1408.250 ( 15.501 ) 1525.000 ( 23.766 ) 1779.001 ( 15.693 ) 2300.350 ( 111.056 )
1408.250 ( 15.501 ) 1518.800 ( 21.423 ) 1784.772 ( 16.218 ) 2326.450 ( 104.965 )
1408.250 ( 15.501 ) 1515.500 ( 23.909 ) 1781.471 ( 15.163 ) 2309.850 ( 129.015 )
1408.250 ( 15.501 ) 1518.800 ( 32.265 ) 1782.408 ( 11.301 ) 2300.950 ( 134.503 )
1408.250 ( 15.501 ) 1525.050 ( 29.909 ) 1782.812 ( 13.112 ) 2336.600 ( 152.430 )
1407.350 ( 15.255 ) 1516.500 ( 43.252 ) 1780.269 ( 13.335 ) 2303.000 ( 117.190 )
1407.350 ( 15.255 ) 1519.850 ( 30.054 ) 1780.632 ( 12.549 ) 2283.150 ( 115.359 )
1407.350 ( 15.255 ) 1506.800 ( 34.026 ) 1779.833 ( 12.241 ) 2287.350 ( 94.754 )
1407.350 ( 15.255 ) 1525.950 ( 35.238 ) 1776.573 ( 14.854 ) 2345.250 ( 229.670 )
1407.350 ( 15.255 ) 1524.250 ( 21.543 ) 1780.694 ( 14.985 ) 2287.350 ( 140.838 )
1407.350 ( 15.255 ) 1518.700 ( 30.663 ) 1780.371 ( 12.418 ) 2334.200 ( 117.516 )
1407.350 ( 15.255 ) 1525.000 ( 23.407 ) 1780.133 ( 16.630 ) 2339.700 ( 174.080 )
1407.350 ( 15.255 ) 1502.700 ( 35.874 ) 1777.880 ( 14.356 ) 2318.550 ( 109.206 )
1407.350 ( 15.255 ) 1505.900 ( 29.356 ) 1778.542 ( 15.087 ) 2301.350 ( 134.698 )
1407.350 ( 15.255 ) 1516.400 ( 30.109 ) 1780.743 ( 18.316 ) 2290.000 ( 75.270 )
1407.350 ( 15.255 ) 1509.650 ( 34.892 ) 1781.243 ( 10.888 ) 2313.550 ( 140.911 )
1407.350 ( 15.255 ) 1517.850 ( 30.165 ) 1785.397 ( 15.734 ) 2292.300 ( 112.327 )
1407.350 ( 15.255 ) 1526.250 ( 26.090 ) 1780.258 ( 13.903 ) 2294.650 ( 156.477 )
1407.350 ( 15.255 ) 1527.250 ( 29.213 ) 1787.688 ( 14.046 ) 2290.300 ( 130.755 )
1407.350 ( 15.255 ) 1530.550 ( 36.350 ) 1779.034 ( 19.052 ) 2295.900 ( 98.364 )
1407.350 ( 15.255 ) 1503.600 ( 37.063 ) 1780.793 ( 15.001 ) 2293.050 ( 109.894 )
1407.350 ( 15.255 ) 1520.650 ( 29.260 ) 1775.795 ( 13.156 ) 2288.900 ( 90.275 )
1407.350 ( 15.255 ) 1510.750 ( 24.281 ) 1782.172 ( 15.551 ) 2305.250 ( 128.631 )
1407.350 ( 15.255 ) 1522.000 ( 27.185 ) 1772.827 ( 16.244 ) 2289.150 ( 74.988 )
1407.350 ( 15.255 ) 1513.300 ( 32.819 ) 1777.025 ( 9.273 ) 2303.450 ( 123.848 )
1407.350 ( 15.255 ) 1519.300 ( 24.761 ) 1781.947 ( 14.872 ) 2297.050 ( 104.311 )
