50 0.021343 0.0162135 0.0203995 0.0174533 0.0205236 0.0182664 0.0224504 0.0186247 0.0192828 0.0210412 0.0217382 0.0172609 0.0198055 0.015152 0.0222988 0.0291632 0.0191553 0.0209027 0.0178169 0.0193621 0.0186723 0.0199867 0.0171512 0.0200921 0.018815 0.0188776 0.0231987 0.0237922 0.0221322 0.0237339 0.0210843 0.0203332 0.0241688 0.0194116 0.0176594 0.0169573 0.0229712 0.0164646 0.0252447 0.0196284 0.0193507 0.01945 0.0229833 0.018959 0.0172242 0.0167637 0.0178575 0.0197827 0.0220136 0.0169861
49 0.0213431 0.0162131 0.0203998 0.0174527 0.0205239 0.0182659 0.0224506 0.0186246 0.0192829 0.0217384 0.0172607 0.0198057 0.0151518 0.022299 0.0291642 0.020903 0.0178166 0.0193623 0.0186724 0.019987 0.0171514 0.0200922 0.0188152 0.0188774 0.023199 0.0237925 0.0221325 0.0237333 0.0210839 0.0203335 0.024169 0.0194117 0.0176596 0.0169575 0.0229716 0.0164643 0.0252449 0.0196286 0.0193509 0.0194487 0.0229836 0.0189592 0.017224 0.0167632 0.0178569 0.0197825 0.0220135 0.0169857 0.0401958
48 0.0213432 0.016213 0.0203999 0.0205239 0.0182659 0.0224506 0.0186246 0.0192829 0.0217385 0.0172607 0.0198058 0.0151518 0.022299 0.0291643 0.020903 0.0178166 0.0193623 0.0186724 0.0199871 0.0171514 0.0200923 0.0188153 0.0188774 0.0231991 0.0237926 0.0221325 0.0237332 0.0203335 0.024169 0.0194118 0.0176596 0.0169575 0.0229716 0.0164643 0.025245 0.0196287 0.0193509 0.0194485 0.0229836 0.0189593 0.0172239 0.0167631 0.0178568 0.0197825 0.0220135 0.0169856 0.0401957 0.0385365
47 0.0213432 0.0162152 0.0204006 0.0205238 0.0182634 0.0224514 0.0186234 0.0192823 0.0217391 0.0172594 0.0198054 0.0151504 0.0222996 0.0291624 0.0209033 0.019362 0.0186721 0.0199878 0.0171512 0.020092 0.0188151 0.0188775 0.0231995 0.0237922 0.0221333 0.0237338 0.0203327 0.0241695 0.0194127 0.0176597 0.0169572 0.0229721 0.0164628 0.0252446 0.0196287 0.0193508 0.0194533 0.0229841 0.0189592 0.0172223 0.0167629 0.0178587 0.0197838 0.0220152 0.0401995 0.0385319 0.0347986
46 0.0213432 0.0162135 0.0204001 0.020524 0.0182652 0.0224509 0.0186243 0.0192828 0.0217387 0.0172603 0.0198057 0.0151514 0.0222992 0.0291645 0.0209031 0.0193624 0.0186723 0.0199874 0.0171514 0.0200922 0.0188153 0.0188773 0.0231993 0.0237925 0.0221327 0.0203335 0.0241692 0.019412 0.0176596 0.0169575 0.0229718 0.0164638 0.025245 0.0196287 0.019351 0.0194494 0.0229838 0.0189593 0.0172235 0.0178571 0.0197828 0.0220139 0.0401965 0.0385351 0.0348011 0.0404959
45 0.0213432 0.0162134 0.0204 0.020524 0.0182653 0.0224508 0.0186243 0.0192828 0.0217386 0.0172604 0.0198057 0.0151515 0.0222991 0.0291646 0.0209031 0.0193624 0.0186723 0.0171514 0.0200922 0.0188153 0.0188773 0.0231992 0.0237925 0.0203335 0.0241692 0.019412 0.0176596 0.0169575 0.0229718 0.0164639 0.025245 0.0196286 0.019351 0.0194493 0.0229837 0.0189593 0.0172236 0.017857 0.0197828 0.0220138 0.0401964 0.0385353 0.0348013 0.040496 0.04212
44 0.0213431 0.0203999 0.0205239 0.0182656 0.0224507 0.0186244 0.0192828 0.0217385 0.0172605 0.0198057 0.0151516 0.0222991 0.0291641 0.0209031 0.0193623 0.0186724 0.0171513 0.0200922 0.0188152 0.0188773 0.0231991 0.0237925 0.0203334 0.024169 0.0194117 0.0176597 0.0169575 0.0229716 0.0164641 0.0252449 0.0196287 0.0193509 0.0229836 0.0189592 0.0172237 0.0178571 0.0197828 0.0220137 0.0401963 0.0385361 0.0348017 0.0404965 0.0421197 0.0356627
43 0.0213431 0.0203999 0.0205239 0.0182658 0.0224507 0.0186245 0.0192829 0.0217385 0.0172607 0.0198058 0.0151518 0.0222991 0.0291643 0.0209031 0.0193624 0.0186724 0.0171514 0.0200922 0.0188153 0.0188772 0.0231991 0.0203335 0.024169 0.0194117 0.0176597 0.0169575 0.0229717 0.0164642 0.0252449 0.0193509 0.0229836 0.0189592 0.0172239 0.0178568 0.0197826 0.0220136 0.0401957 0.0385365 0.034802 0.040496 0.0421196 0.035662 0.0434213
42 0.0213431 0.0203999 0.0205239 0.0182657 0.0186245 0.0192829 0.0217385 0.0172606 0.0198057 0.0151517 0.0222991 0.0291644 0.020903 0.0193624 0.0171514 0.0200922 0.0188153 0.0188773 0.0231991 0.0203335 0.024169 0.0194117 0.0176596 0.0169575 0.0229717 0.0164642 0.0252449 0.0193509 0.0229836 0.0189592 0.0172238 0.0178569 0.0197827 0.0220136 0.0401959 0.0385363 0.0348019 0.0404962 0.0421196 0.0356622 0.0434212 0.041123
41 0.0213431 0.0203999 0.0205239 0.0182658 0.0186245 0.0192829 0.0217384 0.0172607 0.0198057 0.0151518 0.0222991 0.0291643 0.020903 0.0193624 0.0171514 0.0200922 0.0188153 0.0231991 0.0203335 0.024169 0.0194117 0.0176596 0.0169575 0.0229716 0.0164642 0.0252449 0.0229836 0.0189592 0.0172239 0.0178569 0.0197826 0.0220136 0.0401958 0.0385364 0.0348021 0.0404963 0.0421196 0.0356621 0.0434212 0.041123 0.0382282
40 0.0213431 0.0203999 0.0205239 0.0182658 0.0186245 0.0192829 0.0217385 0.0172606 0.0198057 0.0151517 0.0222991 0.020903 0.0193623 0.0171514 0.0200922 0.0188153 0.0231991 0.0241691 0.0194118 0.0176596 0.0169574 0.0229717 0.0164642 0.0252449 0.0229836 0.0189592 0.0172238 0.0178569 0.0197827 0.0220136 0.040196 0.0385363 0.034802 0.0404962 0.0421197 0.0356624 0.0434212 0.0411231 0.0382281 0.0494975
39 0.0213432 0.0204 0.0205239 0.0186244 0.0192829 0.0217386 0.0172606 0.0198058 0.0151517 0.0222992 0.0209031 0.0193623 0.0171514 0.0200923 0.0188153 0.0231992 0.0241692 0.0194119 0.0176596 0.0169575 0.0229718 0.0164641 0.025245 0.0229837 0.0189593 0.0178568 0.0197827 0.0220137 0.0401959 0.0385359 0.0348017 0.0404956 0.0421199 0.0356624 0.0434214 0.0411232 0.0382281 0.0494975 0.0354893
38 0.0213432 0.0204 0.0205239 0.0186244 0.0192828 0.0217386 0.0172606 0.0198058 0.0151517 0.0222992 0.0209031 0.0193623 0.0171514 0.0200922 0.0188153 0.0231992 0.0241691 0.0194119 0.0176596 0.0169575 0.0229718 0.0164641 0.0252449 0.0178569 0.0197827 0.0220137 0.040196 0.038536 0.0348017 0.0404957 0.0421199 0.0356624 0.0434213 0.0411232 0.0382281 0.0494974 0.0354893 0.0419429
37 0.0213432 0.0203999 0.0205239 0.0186245 0.0192829 0.0217385 0.0172606 0.0198058 0.0151517 0.0222991 0.020903 0.0193623 0.0171514 0.0200922 0.0188152 0.0231991 0.0241691 0.0194118 0.0176596 0.0169574 0.0229717 0.0164641 0.0252449 0.0220137 0.040196 0.0385362 0.0348019 0.0404961 0.0421197 0.0356624 0.0434212 0.0411231 0.0382281 0.0494974 0.0354895 0.0419428 0.0376397
36 0.0213432 0.0204 0.0205239 0.0192828 0.0217386 0.0198058 0.0151516 0.0222992 0.0209031 0.0193623 0.0171514 0.0200922 0.0188153 0.0231992 0.0241691 0.0194119 0.0176596 0.0169574 0.0229718 0.016464 0.0252449 0.0220138 0.0401962 0.0385358 0.0348016 0.040496 0.0421199 0.0356627 0.0434213 0.0411232 0.0382282 0.0494974 0.0354892 0.0419429 0.0376398 0.0358849
35 0.0213432 0.0204 0.0205239 0.0192829 0.0217385 0.0198058 0.0151517 0.0222991 0.0193623 0.0171514 0.0200922 0.0188153 0.0231992 0.0241691 0.0194119 0.0169575 0.0229717 0.0164641 0.0252449 0.0220137 0.040196 0.038536 0.0348017 0.0404959 0.0421198 0.0356625 0.0434213 0.0411231 0.0382282 0.0494974 0.0354894 0.0419429 0.0376397 0.035885 0.0385627
34 0.0213432 0.0205239 0.0192829 0.0217385 0.0198058 0.0151518 0.0193623 0.0171514 0.0200922 0.0188153 0.0231991 0.0241691 0.0194119 0.0169575 0.0229717 0.0164642 0.0252449 0.0220136 0.0401958 0.0385363 0.034802 0.0404959 0.0421197 0.0356622 0.0434212 0.0411231 0.0382281 0.0494975 0.0354896 0.0419429 0.0376395 0.0358852 0.0385627 0.042699
33 0.0213432 0.0205239 0.0192829 0.0217385 0.0198058 0.0151518 0.0193623 0.0188153 0.0231992 0.0241691 0.0194119 0.0169575 0.0229718 0.0164642 0.025245 0.0220136 0.0401956 0.0385363 0.034802 0.0404955 0.0421197 0.035662 0.0434213 0.0411231 0.0382281 0.0494975 0.0354897 0.0419429 0.0376394 0.0358853 0.0385627 0.042699 0.0372437
32 0.0213431 0.0205238 0.0192828 0.0198057 0.0151517 0.0193623 0.0188152 0.0241691 0.0194118 0.0169574 0.0229716 0.0164641 0.0252449 0.0220137 0.0401963 0.0385361 0.0348018 0.0404964 0.0421196 0.0356629 0.0434211 0.041123 0.0382282 0.0494974 0.0354894 0.0419428 0.0376399 0.035885 0.0385626 0.042699 0.0372435 0.0449376
31 0.0213432 0.0192829 0.0198057 0.0151518 0.0193623 0.0188153 0.0241691 0.0194118 0.0169575 0.0229717 0.0164642 0.0220136 0.0401959 0.0385364 0.0348021 0.0404961 0.0421196 0.0356623 0.0434211 0.041123 0.0382282 0.0494975 0.0354897 0.0419428 0.0376396 0.0358852 0.0385626 0.0426989 0.0372436 0.0449376 0.0457688
30 0.0192828 0.0198057 0.0151517 0.0193623 0.0188152 0.0241691 0.0194118 0.0229716 0.0164641 0.0220137 0.0401963 0.0385361 0.0348019 0.0404964 0.0421196 0.0356629 0.043421 0.041123 0.0382282 0.0494975 0.0354895 0.0419428 0.0376399 0.0358851 0.0385626 0.0426989 0.0372435 0.0449375 0.0457687 0.0383006
29 0.0192829 0.0198057 0.0151518 0.0193623 0.0188151 0.024169 0.0229715 0.0164643 0.040196 0.0385368 0.0348023 0.0404968 0.0421194 0.0356622 0.0434211 0.041123 0.0382282 0.0494974 0.0354899 0.0419427 0.0376397 0.0358853 0.0385626 0.0426989 0.0372435 0.0449374 0.0457686 0.0383005 0.041425
28 0.0192829 0.015152 0.0193623 0.0188151 0.0241689 0.0164645 0.0401957 0.0385373 0.0348028 0.0404968 0.0421193 0.0356616 0.0434212 0.0411229 0.0382282 0.0494974 0.0354904 0.0419426 0.0376394 0.0358856 0.0385626 0.0426988 0.0372435 0.0449373 0.0457686 0.0383005 0.0414247 0.0427772
27 0.0192829 0.015152 0.0188151 0.0164645 0.0401958 0.0385373 0.0348027 0.0404968 0.0421193 0.0356617 0.0434211 0.0411229 0.0382282 0.0494974 0.0354904 0.0419426 0.0376395 0.0358856 0.0385625 0.0426988 0.0372435 0.0449373 0.0457686 0.0383005 0.0414248 0.0427771 0.0435312
26 0.0192829 0.0188151 0.040196 0.0385373 0.0348027 0.040497 0.0421192 0.0356624 0.043421 0.0411229 0.0382282 0.0494973 0.0354904 0.0419425 0.0376397 0.0358855 0.0385624 0.0426987 0.0372434 0.0449372 0.0457686 0.0383004 0.0414249 0.042777 0.0435312 0.0316164
25 0.0192829 0.0188151 0.0385366 0.0348022 0.0404966 0.0421194 0.043421 0.0411229 0.0382282 0.0494974 0.0354898 0.0419427 0.0376399 0.0358852 0.0385625 0.0426988 0.0372434 0.0449374 0.0457687 0.0383005 0.0414252 0.0427771 0.0435312 0.031616 0.0758592
24 0.0192829 0.0188151 0.0385364 0.0404961 0.0421196 0.0434212 0.0411231 0.0382282 0.0494975 0.0419428 0.0376397 0.0358852 0.0385627 0.042699 0.0372436 0.0449375 0.0457688 0.0383006 0.0414252 0.0427773 0.0435313 0.0316159 0.0758588 0.0702917
23 0.0192829 0.0188151 0.0385369 0.0404963 0.0434211 0.0382282 0.0494976 0.0419427 0.0376395 0.0358854 0.0385626 0.0426988 0.0372436 0.0449374 0.0457687 0.0383005 0.041425 0.0427772 0.0435313 0.0316162 0.0758581 0.0702926 0.0832423
22 0.0192826 0.0188152 0.040497 0.0434212 0.0382284 0.0494976 0.0419432 0.037641 0.0358837 0.0385632 0.0426996 0.0372433 0.0449381 0.0457686 0.0383006 0.0414263 0.0427774 0.0435315 0.0758623 0.0702871 0.0832438 0.0701483
21 0.0192827 0.0188155 0.0404967 0.0382287 0.0494998 0.0419434 0.0376407 0.0358839 0.0426992 0.0372435 0.044938 0.0457689 0.0383011 0.041426 0.0427774 0.0435317 0.0758607 0.0702872 0.0832435 0.0701478 0.0819835
20 0.0192827 0.0188155 0.0404979 0.0495001 0.0376405 0.0358845 0.0426986 0.0372434 0.0449374 0.0457688 0.038301 0.0414253 0.042777 0.0435314 0.0758594 0.0702895 0.0832423 0.07015 0.081983 0.0801716
19 0.0192829 0.0188151 0.0494977 0.0358852 0.0426988 0.0372435 0.0449374 0.0457687 0.0383005 0.0414251 0.0427772 0.0435313 0.0758587 0.070292 0.0832423 0.0701525 0.0819837 0.0801709 0.0781365
18 0.0192829 0.0188152 0.0494978 0.0358854 0.0426987 0.0372436 0.0449373 0.0383006 0.0414249 0.0435313 0.0758579 0.0702926 0.0832422 0.070153 0.0819837 0.0801709 0.0781359 0.088546
17 0.0192828 0.0188151 0.0494976 0.0358851 0.0372435 0.0449374 0.0383005 0.0414252 0.0758592 0.0702918 0.0832423 0.0701523 0.0819836 0.0801709 0.0781369 0.0885457 0.08623
16 0.0192828 0.0188151 0.0494976 0.0358852 0.0383005 0.0414252 0.075859 0.0702919 0.0832424 0.0701524 0.0819836 0.0801709 0.0781367 0.0885458 0.0862301 0.0821808
15 0.0192829 0.0494976 0.0358854 0.041425 0.0758582 0.0702925 0.0832423 0.070153 0.0819837 0.0801708 0.0781362 0.0885459 0.08623 0.0821808 0.0571156
14 0.0192821 0.0494966 0.0358823 0.0414277 0.0758709 0.0832431 0.0819822 0.0801715 0.0781449 0.0885439 0.0862305 0.0821803 0.057115 0.140429
13 0.0192821 0.0494965 0.0358823 0.0414277 0.0758712 0.083243 0.081982 0.0801714 0.0781452 0.0862304 0.057115 0.140429 0.170724
12 0.0192821 0.0494966 0.0358824 0.0414277 0.0758711 0.081982 0.0801714 0.0781452 0.0571149 0.14043 0.170724 0.169473
11 0.0494964 0.0358824 0.0414277 0.0758714 0.081982 0.0781453 0.0571149 0.14043 0.170724 0.169473 0.0994534
10 0.0494979 0.035885 0.0414255 0.0819836 0.0571156 0.140443 0.170727 0.169473 0.099454 0.153995
9 0.0494981 0.0358849 0.0414255 0.0819834 0.0571156 0.140443 0.099454 0.153996 0.3402
8 0.0494969 0.0414277 0.0819821 0.057115 0.0994535 0.154016 0.340197 0.176312
