60 60 0.628969
60 79 0.0268635
60 85 0.0681725
60 89 0.0695697
60 90 0.0419161
60 91 0.122147
60 92 0.0423619
71 60 0.0170114
71 71 0.455288
71 79 0.0311027
71 85 0.0550043
71 89 0.0676282
71 90 0.148473
71 91 0.225492
79 60 0.0179373
79 71 0.0169821
79 79 0.561887
79 85 0.00901263
79 89 0.0522433
79 90 0.0427098
79 91 0.252663
79 92 0.0465655
85 60 0.0443648
85 71 0.036315
85 79 0.0195424
85 85 0.413264
85 89 0.0991456
85 90 0.0415789
85 91 0.249379
85 92 0.0964099
89 60 0.0243539
89 71 0.0273744
89 79 0.0413045
89 85 0.0601252
89 89 0.461051
89 90 0.0641942
89 91 0.247205
89 92 0.0743918
90 60 0.0133734
90 71 0.0412189
90 79 0.0193467
90 85 0.0163868
90 89 0.0403801
90 90 0.747704
90 91 0.096147
90 92 0.0254436
91 60 0.0167684
91 71 0.0264848
91 79 0.0594117
91 85 0.0421771
91 89 0.0705779
91 90 0.0455613
91 91 0.668444
91 92 0.070575
92 60 0.019677
92 71 0.00577725
92 79 0.0277011
92 85 0.0242047
92 89 0.0407227
92 90 0.0162723
92 91 0.130771
92 92 0.734874
