0
0
0.0312341
0
0
0
0
0.0341547
0.0599503
0.0734183
0
0.086202
0.0920852
0
0.0300333
0.0454839
0
0.0270643
0
0.06178
0.0643188
0
0
0.0231983
0
0
0.0391913
0
0
0.0365212
0
0
0
0
0.047376
0
0
0.0499066
0.0292233
0
0
0
0.0293989
0
0.0744002
0.0371938
0.067663
0.0335593
0
0
0
0.115425
0.0529229
0.161804
0
0.0470891
0.0522098
0
0
0
0.0803795
0
0
0.0641477
0
0.0543509
0
0
0.0757611
0
0.0581712
0
0.0823116
0.0295757
0
0
0.0278523
0.0658709
0
0
0.12661
0
0
0.0622687
0
0.0224403
0
0
0
0
0
0
0.0208952
0.137443
0.0395835
0
0
0
0.0218771
0.0247957
0.0363659
0.145031
0
0
0.103756
0
0.0224217
0.0786755
0
0
0.038993
0
0
0.0216599
0.0497556
0
0
0
0
0.0517512
0.0364733
0
0
0.0993496
0
0.0676773
0
0
0
0
0.0265097
0
0
0
0.0235302
0
0.0267535
0.137991
0.0323685
0
0
0.0900232
0.0243397
0
0
0.102962
0.0495694
0.103797
0.0499838
0.0254336
0.0198428
0.0464735
0.0675558
0
0
0
0.0254349
0
0
0.0260747
0.111152
0
0
0
0
0
0.057604
0
0.0906422
0
0
0
0.0492594
0
0
0
0.0501204
0.0250386
0.0275731
0.135285
0.0991196
0.0242061
0.0235646
0.0503761
0
0.0197899
0.0832304
0
0.0543202
0.020179
0.0184502
0
0.0845929
0.023616
0
0.0257642
0.0920522
0
0.0619706
0
0.0576283
0.0408196
0.0233559
0.0208396
0
0.0615416
0.0514262
0.108152
0.0486868
0.0213059
0
0.0185844
0.0571566
0.0270533
0.0436456
0.061678
0.0476393
0
0.0182449
0.0202814
0
0.0357648
0.0220924
0.0256583
0.0480098
0
0.0280639
0
0.0636573
0.0593943
0
0
0.0416762
0.023852
0
0
0.110592
0
0
0
0
0.101711
0
0
0.0214404
0.0179851
0.0564124
0.0288538
0.0193237
0.0301952
0.0193231
0.0742517
0.0643399
0.0682812
0.088175
0.0428548
0.0380724
0.0181246
0.0183091
0.0197694
0.0302915
0.0381048
0
0.0220815
0
0.027245
0.0444359
0
0.0428896
0
0
0
0.0467339
0.0642119
0.0751871
0.018532
0
0
0.0562722
0.0167937
0.0738087
0.0437195
0.0468909
0
0.031507
0.0236795
0.0816005
0
0.0211258
0
0.0545639
0.0213344
0.0250946
0
0.0444584
0.0851898
0
0.0828832
0.0443732
0.0686178
0.0396062
0.0427081
0.0464629
0.0277763
0.0847828
0
0.0670068
0.0654744
0.0768715
0
0.0394391
0.0476138
0.0868023
0.0725445
0.0190269
0.0437818
0.0555249
0.0584271
0.0445003
0.0303883
0.0198301
0
0.0463266
0.0460688
0.0170518
