0
0.0434002
0
0.0438882
0
0.0830397
0.0430745
0.0580963
0
0
0
0.0452174
0.0501599
0
0
0
0
0.0644728
0
0
0.0556417
0.0451622
0
0.0522264
0.0428846
0
0
0
0
0
0
0.053486
0.0496607
0.0519489
0.0718307
0.047306
0.0445337
0.0404319
0
0
0
0.0431369
0.0578156
0
0
0.0596118
0
0.0498388
0
0
0
0.0504795
0
0
0
0
0.0930812
0
0
0
0
0
0
0.0860294
0
0
0
0
0
0
0
0
0.0536813
0
0
0
0
0
0
0
0.065366
0
0
0
0
0.0694782
0
0
0.108835
0.0522407
0
0
0
0.0543426
0
0.0695509
0
0
0.0553111
0
0.0762037
0
0
0.0456998
0.0489418
0
0
0
0.0780372
0
0
0.0552442
0
0.0427727
0
0.058505
0
0
0
0
0.0420058
0.0471183
0.0593374
0
0
0
0.0766449
0
0
0
0.0564338
0
0
0.0927083
0.0453488
0
0.0453181
0
0
0
0
0.0437243
0
0
0
0.111886
0
0.0469569
0.052214
0
0
0.0551494
0
0.0593142
0
0
0
0
0.0551118
0
0.0572673
0
0
0
0
0
0
0
0
0
0.141735
0
0
0
0
0
0
0.0867128
0
0
0
0
0
0
0.0562514
0
0
0
0
0.0511648
0
0
0.0538822
0.046341
0
0.0407905
0.0622974
0.0460118
0
0
0.0521659
0
0
0
0.0498255
0
0
0
0.0515973
0
0
0.0593481
0.0485163
0.0524024
0
0
0
0
0
0
0
0.054448
0
0.0745578
0
0.0425741
0
0.0422551
0
0.0539912
0
0
0
0.0486241
0
0
0.0623301
0.0525535
0
0
0.064908
0.0527055
0.0669983
0
0
0
0
0.0619276
0
0
0
0
0
0
0
0
0
0
0
0.0870252
0
0
0
0
0
0
0.0786883
0.0485619
0
0
0
0
0
0.0962155
0
0
0
0
0.0574332
0
0.0447608
0.0462062
0.0478955
0
0
0
0.0783229
0
0.0553998
0
0.0465545
0
0.106737
0.10932
0
0
0
0
0.0434698
0
0.0961865
0
0
0
0.047315
0
0
0.0474647
0.0539197
0
0
0
0.0431838
0
0.0401541
0.0577439
0
0
0.0522043
0
0.0497883
0
0.0521108
0
0
0.0805198
0
0
0
0
0
0
0.0481608
0.0533614
0
0
0
0.053735
0.0486772
0
0.0439089
0
0
0
0.0491588
0.0482511
0.0465835
0
0
0
0
0
0
0
0.0498813
0
0
0.0478746
0.0519536
0
0
0.0454223
0
0.0479714
0
0
0
0
0
0
0
0
0
0
0.0434798
0.0576806
0
0
0.044217
0
0.0543676
0
0.0519079
0
0
0
0
0
0
0.0756142
0.0507817
0
0
0.0517657
0
0.0623766
0
0.0639528
0.0836584
0.0850759
0
0
0
0
0
0
0
0
0
0.0586317
0
0.169506
0
0
0
0
0
0
0
0
0.0545866
0
0
0.0495721
0.0979342
0
0
0.0463257
0
0
0
0
0
0
0
0.0474978
0.120875
0
0
0
0.0611612
0.0522532
0
0.067326
0
0.0532312
0.05731
0
0
0
0.072239
0.0505032
0
0.0458177
0.0569033
0.0541401
0.0481937
0.0458533
0
0
0.077565
0
0.0433562
0
0
0
0.0461797
0.0479238
0
0
0
0
0.0472358
0
0.0441716
0
0.0509888
0.0453166
0
0
0
0.0492664
0.0671592
0
0
0.0472205
0
0
0
0
0.0773017
0
0
0
0
0.0588607
0
0
0.0639271
0
0
0
0
0
0.0419278
0
0
0
0
0
0.0490491
0.0512277
0
0
0
0
0.0871641
0
0
0
0
0.0766262
0.0578406
0
0
0
0.0479468
0
0
0
0
0.0605823
0.0508279
0.0580179
0
0.0424935
0.0724161
0
0
0
0
0.0482728
0
0
0.0453543
0.0609391
0
0.064779
0
0
0
0
0.0443291
0
0
0
0
0
0
0
0
0
0
0
0.0498594
0
0
0
0
0
0.0547195
0
0
0
0
0.0835718
0
0
0
0
0
0.0472574
0.0513936
0.048572
0
0
0
0
0
0
0
0
0
0
0.0522331
0
0.0468929
0.0643341
0.0520362
0.0574444
0.0703864
0.0577415
0
0
0
0
0.0458222
0
0.0709225
0
0.0503775
0
0.0418126
0
0.0535689
0
0.0539073
0
0
0.106256
0
0
0
0
0
0
0
0.0454156
0
0
0
0
0
0.0586145
0
0
0
0
0
0
0
0
0
0
0
0.0979109
0
0
0
0.0598999
0
0
0.0645947
0
0.0719391
0
0
0
0
0
0
0
0
0
0
0
0.0467412
0
0
0
0
0
0
0.0533382
0
0.0537702
0.0614236
0
0
0.0452687
0
0
0
0
0
0
0
0
0
0
0
0
0
0.0638578
0.0478771
0.0987605
0
0
0
0.0584238
0
0
0.0468399
0
0
0.0508285
0.078152
0
0
0
0.046599
0
0
0.0798568
0
0.0784366
0.0521883
0
0.0706303
0
0
0.0554034
0
0
0
0
0.0567518
0.0496353
0
0
0
0
0.0505925
0.066714
0
0
0
0
0
0
0.0598802
0
0.048753
0
0
0
0
0
0
0
0
0
0
0
0.0664017
0
0
0
0
0.130268
0
0
0
0
0
0
0.0486296
0
0.0471496
0
0.050829
0.0453923
0.0576101
0
0
0.0480989
0
0
0.0415465
0
0.0461408
0
0
0
0.0464517
0
0
0.0505454
0
0
0
0
0
0
0
0
0
0.0984085
0
0.0965186
0.0480598
0
0
0
0
0
0
0
0.100218
0
0
0
0.0982496
0
0
0
0
0.0451259
0
0
0.0458373
0
0
0.0777654
0.052466
0.114643
0
0
0
0.0474618
0
0
0
0.054847
0
0.047902
0
0
0
0.0461818
0.0529316
0
0
0
0
0.0444538
0
0.077837
0
0
0.0440472
0.0542106
0
0
0
0
0.0453181
0.0530646
0.0518825
0.0683056
0
0.0756261
0.0485999
0
0
0
0.0599182
0.0513512
0
0
0
0
0
0
0
0.0487044
0.0602465
0
0.061169
0
0
0.0492675
0.0642361
0
0
0.0584646
0
0
0
0
0.0749248
0
0.0551661
0
0
0
0
0
0.0425914
0.0561764
0
0.0460312
0
0.0503816
0
0.0529847
0.0739172
0.0540464
0.0611257
0
0.0671552
0.0568751
0
0
0
0
0
0
0
0
0
0
0.0688395
0
0
0
0
0.0458777
0
0
0
0
0
0
0.0478095
0
0
0.0447611
0
0.100924
0
0.0534006
0.0596241
0.0520286
0.114466
0.053228
0
0.0448777
0.0505081
0.0498439
0.0584963
0
0
0
0.0514501
0
0
0
0.0644168
0
0.0438196
0
0
0
0.0468807
0
0
0
0
0
0.04482
0
0
0
0
0
0
0
0.0609115
0
0.0663121
0.0659983
0.0478569
0.108501
0
0
0.0460404
0.050009
0
0
0
0
0
0
0
0
0
0.0626857
0
0
0
0.0528541
0
0
0
0
0
0.0599279
0
0
0
0
0.0463151
0
0
0.0522304
0
0
0
0.106915
0
0
0
0
0
0
0
0
0
0
0.125543
0.0579448
0.0557919
0
0
0
0
0
0
0
0
0.126868
0
0.0560051
0
0
0
0
0
0
0
0
0
0
0
0
0.0599759
0.0830983
0
0.0495348
0
0
0.047203
0
0
0.0829969
0
0.0662794
0
0.0475454
0
0.0608489
0.0485968
0
0.0441984
0.0485394
0
0.0642786
0
0
0
0.0394313
0
0
0
0.0526453
0
0
0
0
0
0.057364
0
0.0586646
0
0
0
0
0
0
0
0
0
0.0624932
0
0
0.0636193
0
0
0.0596074
0
0
0
0
0
0
0
0
0
0
0
0
0
0
0.0518011
0
0.0528846
0.0452658
0
0.069665
0
0
0
0
0
0.0434309
0.0554129
0
0
0.0468211
0
0
0
0
0
0
0
0
0.0532328
0
0
0.044985
0
0
0.0665186
0
0
0
0.0793849
0
0
0
0.0446567
0.0455648
0.0789813
0
0
0
0
0
0
0
0
0
0
0
0
0.0513683
0.0454242
0
0
0.0478015
0.0564567
0.0523523
0
0
0.0444424
0.0589952
0
0
0
0
0
0.0832948
0.0811766
0.0695188
0
0.0891493
0
0
0
0.0537653
0.0496757
0
0
0
0
0
0.0436673
0
0
0
0
0
0.105391
0.0849143
0
0
0.0880667
0.0815056
0.0519273
0
0.0452486
0
0
