0
0.0300333
0
0
0.0612515
0.0404513
0.0231496
0.0525494
0.117307
0
0.0444169
0.0171694
0.0194341
0.0459665
0.0256583
0
0
0.0255885
0.0121574
0.0210162
0.0292684
0.0687679
0.0307507
0.0539333
0.0387794
0.021254
0.0604946
0
0
0.151591
0
0.0588843
0.0192638
0.0286906
0.0118916
0.054056
0.0411244
0.0822412
0.0282464
0.102649
0
0.0402464
0
0.028728
0.0638962
0.0252336
0.0582272
0.0196043
0.0813212
0.0487562
0
0.0415359
0
0
0.0410081
0.110704
0.0227167
0.058753
0.0263304
0
0.0101433
0.17587
0
0.0372884
0.0147045
0.0647988
0.0330913
0.046996
0.018536
0.0361391
0.0452369
0.101869
0.0180479
0.0561799
0.138229
0.105661
0.0515572
0.0557278
0.0240175
0.0262722
0.0412746
0.0340404
0.0167372
0.0450697
0.0413252
0.0440238
0.109858
0.0903762
0.0685575
0.0144778
0.0466069
0.080145
0.0396133
0.125404
0.0718603
0
0.0381253
0.00934967
0.038681
0.102767
0.141932
0.0719038
0.101154
0.0566375
0.0435859
