-1
0.104034
-1
0.116448
-1
1.1124
0.0957491
0.477879
-1
-1
-1
0.15026
0.27599
-1
-1
-1
-1
0.640089
-1
-1
0.41544
0.148858
-1
0.32856
0.0909172
-1
-1
-1
-1
-1
-1
0.3606
0.263291
0.321501
0.827262
0.203393
0.132868
0.0285247
-1
-1
-1
0.0973353
0.470741
-1
-1
0.516433
-1
0.267823
-1
-1
-1
0.284121
-1
-1
-1
-1
1.36784
-1
-1
-1
-1
-1
-1
1.18846
-1
-1
-1
-1
-1
-1
-1
-1
0.365569
-1
-1
-1
-1
-1
-1
-1
0.66281
-1
-1
-1
-1
0.767419
-1
-1
1.76859
0.328922
-1
-1
-1
0.382392
-1
0.769268
-1
-1
0.407028
-1
0.938505
-1
-1
0.162533
0.245004
-1
-1
-1
0.985146
-1
-1
0.405327
-1
0.088071
-1
0.488277
-1
-1
-1
-1
0.0685622
0.198616
0.509452
-1
-1
-1
0.949729
-1
-1
-1
0.435588
-1
-1
1.35836
0.153603
-1
0.152824
-1
-1
-1
-1
0.11228
-1
-1
-1
1.8462
-1
0.19451
0.328244
-1
-1
0.402917
-1
0.508863
-1
-1
-1
-1
0.401961
-1
0.456792
-1
-1
-1
-1
-1
-1
-1
-1
-1
2.60552
-1
-1
-1
-1
-1
-1
1.20584
-1
-1
-1
-1
-1
-1
0.430948
-1
-1
-1
-1
0.301553
-1
-1
0.37068
0.178843
-1
0.0376468
0.584749
0.17047
-1
-1
0.32702
-1
-1
-1
0.267484
-1
-1
-1
0.312556
-1
-1
0.509725
0.23418
0.333036
-1
-1
-1
-1
-1
-1
-1
0.385072
-1
0.896636
-1
0.0830197
-1
0.0749042
-1
0.373453
-1
-1
-1
0.236923
-1
-1
0.585581
0.33688
-1
-1
0.651159
0.340748
0.704333
-1
-1
-1
-1
0.575342
-1
-1
-1
-1
-1
-1
-1
-1
-1
-1
-1
1.21379
-1
-1
-1
-1
-1
-1
1.00171
0.235339
-1
-1
-1
-1
-1
1.44757
-1
-1
-1
-1
0.461012
-1
0.138646
0.175414
0.218388
-1
-1
-1
0.992414
-1
0.409286
-1
0.184274
-1
1.71522
1.78093
-1
-1
-1
-1
0.105804
-1
1.44684
-1
-1
-1
0.20362
-1
-1
0.207429
0.371633
-1
-1
-1
0.0985288
-1
0.0214573
0.468916
-1
-1
0.327997
-1
0.266538
-1
0.325618
-1
-1
1.0483
-1
-1
-1
-1
-1
-1
0.225136
0.357433
-1
-1
-1
0.366936
0.238273
-1
0.116975
-1
-1
-1
0.250523
0.227434
0.185012
-1
-1
-1
-1
-1
-1
-1
0.268903
-1
-1
0.217856
0.321619
-1
-1
0.155473
-1
0.220318
-1
-1
-1
-1
-1
-1
-1
-1
-1
-1
0.106058
0.467305
-1
-1
0.124813
-1
0.383027
-1
0.320457
-1
-1
-1
-1
-1
-1
0.923508
0.291809
-1
-1
0.31684
-1
0.586766
-1
0.626861
1.12814
1.1642
-1
-1
-1
-1
-1
-1
-1
-1
-1
0.4915
-1
3.31196
-1
-1
-1
-1
-1
-1
-1
-1
0.388599
-1
-1
0.261039
1.49129
-1
-1
0.178453
-1
-1
-1
-1
-1
-1
-1
0.208271
2.07488
-1
-1
-1
0.555847
0.32924
-1
0.712671
-1
0.354119
0.457879
-1
-1
-1
0.837648
0.284722
-1
0.165532
0.447531
0.377241
0.225975
0.166436
-1
-1
0.973134
-1
0.102914
-1
-1
-1
0.174739
0.219108
-1
-1
-1
-1
0.201605
-1
0.123657
-1
0.297076
0.152785
-1
-1
-1
0.253261
0.708427
-1
-1
0.201217
-1
-1
-1
-1
0.966436
-1
-1
-1
-1
0.497327
-1
-1
0.626208
-1
-1
-1
-1
-1
0.0665787
-1
-1
-1
-1
-1
0.247735
0.303153
-1
-1
-1
-1
1.21732
-1
-1
-1
-1
0.949253
0.471375
-1
-1
-1
0.219693
-1
-1
-1
-1
0.541119
0.292984
0.475885
-1
0.080969
0.842155
-1
-1
-1
-1
0.227985
-1
-1
0.153744
0.550197
-1
0.647878
-1
-1
-1
-1
0.127664
-1
-1
-1
-1
-1
-1
-1
-1
-1
-1
-1
0.268347
-1
-1
-1
-1
-1
0.39198
-1
-1
-1
-1
1.12594
-1
-1
-1
-1
-1
0.202155
0.307374
0.235597
-1
-1
-1
-1
-1
-1
-1
-1
-1
-1
0.328731
-1
0.192884
0.636561
0.323722
0.461298
0.790521
0.468855
-1
-1
-1
-1
0.165645
-1
0.804159
-1
0.281527
-1
0.0636489
-1
0.362709
-1
0.37132
-1
-1
1.70299
-1
-1
-1
-1
-1
-1
-1
0.155303
-1
-1
-1
-1
-1
0.491063
-1
-1
-1
-1
-1
-1
-1
-1
-1
-1
-1
1.4907
-1
-1
-1
0.523762
-1
-1
0.643189
-1
0.830019
-1
-1
-1
-1
-1
-1
-1
-1
-1
-1
-1
0.189024
-1
-1
-1
-1
-1
-1
0.356843
-1
0.367831
0.562521
-1
-1
0.151565
-1
-1
-1
-1
-1
-1
-1
-1
-1
-1
-1
-1
-1
0.624444
0.21792
1.51231
-1
-1
-1
0.486211
-1
-1
0.191534
-1
-1
0.292998
0.988066
-1
-1
-1
0.185407
-1
-1
1.03143
-1
0.995305
0.32759
-1
0.796725
-1
-1
0.409378
-1
-1
-1
-1
0.443678
0.262647
-1
-1
-1
-1
0.286996
0.697101
-1
-1
-1
-1
-1
-1
0.52326
-1
0.240201
-1
-1
-1
-1
-1
-1
-1
-1
-1
-1
-1
0.689156
-1
-1
-1
-1
2.31382
-1
-1
-1
-1
-1
-1
0.237063
-1
0.199414
-1
0.293011
0.15471
0.465513
-1
-1
0.223561
-1
-1
0.0568799
-1
0.173751
-1
-1
-1
0.181659
-1
-1
0.285796
-1
-1
-1
-1
-1
-1
-1
-1
-1
1.50336
-1
1.45529
0.222568
-1
-1
-1
-1
-1
-1
-1
1.5494
-1
-1
-1
1.49932
-1
-1
-1
-1
0.147932
-1
-1
0.166031
-1
-1
0.978233
0.334654
1.91633
-1
-1
-1
0.207355
-1
-1
-1
0.395223
-1
0.218553
-1
-1
-1
0.174793
0.346497
-1
-1
-1
-1
0.130836
-1
0.980052
-1
-1
0.120493
0.379035
-1
-1
-1
-1
0.152823
0.34988
0.31981
0.73759
-1
0.923812
0.236307
-1
-1
-1
0.524226
0.306295
-1
-1
-1
-1
-1
-1
-1
0.238964
0.532579
-1
0.556046
-1
-1
0.25329
0.634067
-1
-1
0.487249
-1
-1
-1
-1
0.905971
-1
0.40334
-1
-1
-1
-1
-1
0.0834609
0.42904
-1
0.170962
-1
0.28163
-1
0.347849
0.880339
0.374856
0.554943
-1
0.708325
0.446814
-1
-1
-1
-1
-1
-1
-1
-1
-1
-1
0.75117
-1
-1
-1
-1
0.167058
-1
-1
-1
-1
-1
-1
0.2162
-1
-1
0.138653
-1
1.56736
-1
0.358429
0.516746
0.323528
1.91185
0.354038
-1
0.141619
0.284849
0.267952
0.488056
-1
-1
-1
0.308811
-1
-1
-1
0.638665
-1
0.114704
-1
-1
-1
0.192572
-1
-1
-1
-1
-1
0.140151
-1
-1
-1
-1
-1
-1
-1
0.549496
-1
0.686878
0.678895
0.217406
1.76011
-1
-1
0.171197
0.272151
-1
-1
-1
-1
-1
-1
-1
-1
-1
0.594628
-1
-1
-1
0.344527
-1
-1
-1
-1
-1
0.524472
-1
-1
-1
-1
0.178184
-1
-1
0.32866
-1
-1
-1
1.71975
-1
-1
-1
-1
-1
-1
-1
-1
-1
-1
2.19361
0.474027
0.419259
-1
-1
-1
-1
-1
-1
-1
-1
2.22731
-1
0.424684
-1
-1
-1
-1
-1
-1
-1
-1
-1
-1
-1
-1
0.525694
1.11389
-1
0.26009
-1
-1
0.200771
-1
-1
1.11131
-1
0.686047
-1
0.209482
-1
0.547902
0.236227
-1
0.124338
0.234768
-1
0.635149
-1
-1
-1
0.00307146
-1
-1
-1
0.339215
-1
-1
-1
-1
-1
0.459251
-1
0.492336
-1
-1
-1
-1
-1
-1
-1
-1
-1
0.58973
-1
-1
0.618376
-1
-1
0.516321
-1
-1
-1
-1
-1
-1
-1
-1
-1
-1
-1
-1
-1
-1
0.317739
-1
0.345302
0.151493
-1
0.772169
-1
-1
-1
-1
-1
0.104816
0.409618
-1
-1
0.191056
-1
-1
-1
-1
-1
-1
-1
-1
0.35416
-1
-1
0.14435
-1
-1
0.692129
-1
-1
-1
1.01943
-1
-1
-1
0.135999
0.159099
1.00916
-1
-1
-1
-1
-1
-1
-1
-1
-1
-1
-1
-1
0.306731
0.155523
-1
-1
0.215996
0.436172
0.331762
-1
-1
0.130547
0.500748
-1
-1
-1
-1
-1
1.11889
1.06501
0.768451
-1
1.26782
-1
-1
-1
0.367707
0.263673
-1
-1
-1
-1
-1
0.110828
-1
-1
-1
-1
-1
1.681
1.16009
-1
-1
1.24028
1.07338
0.32095
-1
0.151056
-1
-1
