-1
-1
-0.478485
-1
-1
-1
-1
-0.42972
0.00098948
0.225864
-1
0.439314
0.537545
-1
-0.498535
-0.240556
-1
-0.548108
-1
0.0315396
0.0739291
-1
-1
-0.612659
-1
-1
-0.345624
-1
-1
-0.390207
-1
-1
-1
-1
-0.208964
-1
-1
-0.16671
-0.512059
-1
-1
-1
-0.509128
-1
0.242258
-0.378977
0.129768
-0.439661
-1
-1
-1
0.92725
-0.116348
1.70164
-1
-0.213755
-0.128255
-1
-1
-1
0.342095
-1
-1
0.0710734
-1
-0.0925048
-1
-1
0.264982
-1
-0.0287159
-1
0.374355
-0.506175
-1
-1
-0.53495
0.0998455
-1
-1
1.11401
-1
-1
0.0396992
-1
-0.625314
-1
-1
-1
-1
-1
-1
-0.651113
1.29488
-0.339075
-1
-1
-1
-0.634719
-0.585987
-0.392799
1.42158
-1
-1
0.732418
-1
-0.625626
0.313643
-1
-1
-0.348935
-1
-1
-0.638345
-0.169232
-1
-1
-1
-1
-0.135911
-0.391007
-1
-1
0.658838
-1
0.130007
-1
-1
-1
-1
-0.557368
-1
-1
-1
-0.607116
-1
-0.553298
1.30403
-0.459543
-1
-1
0.503115
-0.5936
-1
-1
0.719151
-0.172341
0.733093
-0.165422
-0.575336
-0.668686
-0.224033
0.127978
-1
-1
-1
-0.575314
-1
-1
-0.564632
0.855908
-1
-1
-1
-1
-1
-0.0381871
-1
0.513452
-1
-1
-1
-0.177516
-1
-1
-1
-0.163141
-0.58193
-0.539613
1.25886
0.654997
-0.595831
-0.606543
-0.158872
-1
-0.669569
0.389696
-1
-0.0930169
-0.663072
-0.691938
-1
0.412445
-0.605685
-1
-0.569816
0.536993
-1
0.0347211
-1
-0.0377815
-0.318436
-0.610026
-0.652042
-1
0.0275593
-0.141338
0.805819
-0.187078
-0.644256
-1
-0.689697
-0.0456573
-0.548291
-0.271251
0.0298363
-0.204567
-1
-0.695366
-0.661361
-1
-0.402836
-0.631124
-0.571584
-0.198381
-1
-0.531417
-1
0.062884
-0.00829523
-1
-1
-0.304133
-0.601744
-1
-1
0.846555
-1
-1
-1
-1
0.698264
-1
-1
-0.642011
-0.699703
-0.0580839
-0.518229
-0.677353
-0.495831
-0.677363
0.239779
0.0742818
0.14009
0.472257
-0.284454
-0.364305
-0.697374
-0.694294
-0.669911
-0.494223
-0.363765
-1
-0.631306
-1
-0.545091
-0.258054
-1
-0.283872
-1
-1
-1
-0.219685
0.0721443
0.255398
-0.690572
-1
-1
-0.0604243
-0.719596
0.232383
-0.270016
-0.217063
-1
-0.473927
-0.604624
0.362481
-1
-0.647264
-1
-0.0889475
-0.643779
-0.580996
-1
-0.257679
0.422412
-1
0.383899
-0.259102
0.14571
-0.338696
-0.286905
-0.224209
-0.53622
0.415617
-1
0.118811
0.0932255
0.283522
-1
-0.341487
-0.204993
0.449336
0.211275
-0.682309
-0.268976
-0.0729018
-0.0244431
-0.25698
-0.492607
-0.668897
-1
-0.226486
-0.230791
-0.715287
