-1
-0.687793
-1
-1
-0.363268
-0.579493
-0.759351
-0.453729
0.219446
-1
-0.538269
-0.821517
-0.797975
-0.522161
-0.733272
-1
-1
-0.733998
-0.873619
-0.781528
-0.695744
-0.285131
-0.680334
-0.439342
-0.596874
-0.779056
-0.371135
-1
-1
0.575843
-1
-0.387875
-0.799746
-0.70175
-0.876382
-0.438068
-0.572496
-0.145071
-0.706368
0.067073
-1
-0.581623
-1
-0.701362
-0.335774
-0.737687
-0.394706
-0.796206
-0.154635
-0.493161
-1
-0.568218
-1
-1
-0.573705
0.150813
-0.763851
-0.38924
-0.726286
-1
-0.894556
0.828237
-1
-0.612372
-0.847141
-0.326391
-0.656003
-0.511459
-0.807311
-0.62432
-0.529745
0.0589665
-0.812386
-0.415988
0.436942
0.0983836
-0.464044
-0.420688
-0.750329
-0.72689
-0.570935
-0.646137
-0.82601
-0.531483
-0.570409
-0.542355
0.142015
-0.060505
-0.287318
-0.849497
-0.515503
-0.166862
-0.588205
0.303621
-0.252985
-1
-0.603673
-0.902807
-0.597897
0.0683071
0.475442
-0.252533
0.05153
-0.411231
-0.546908
